time,r00,r01,r02,r10,r11,r12,r20,r21,r22,t0,t1,t2,pitch,yaw,roll,fx,ox,fy,oy
1429,0.0064124595,0.99987483,-0.014458401,-0.9905036,0.00833679,0.13723387,0.13733724,0.013441092,0.99043304,0.010113552,-0.021171913,0.022526897,-0.13766831,-0.014597024,-1.5623798,1505.0192,976.79645,1505.0192,722.82355
1477,0.0029403446,0.9999031,-0.013609553,-0.9904056,0.0047921785,0.13810733,0.13815914,0.013072897,0.99032366,0.011892103,-0.02314388,0.024780847,-0.13855018,-0.0137416655,-1.5659578,1505.1448,976.758,1505.1448,722.84467
1506,0.0005042711,0.9999409,-0.010866831,-0.990735,0.0019753731,0.13579458,0.135808,0.010697674,0.99067736,0.013228241,-0.02502376,0.0283028,-0.13621543,-0.010968652,-1.5688025,1505.055,976.76227,1505.055,722.8311
1529,0.0031181746,0.9999713,-0.0069014756,-0.9912882,0.003999704,0.13164988,0.13167371,0.0064308443,0.9912722,0.0146855675,-0.024362078,0.02539863,-0.13203317,-0.006962128,-1.5667615,1505.0955,976.70123,1505.0955,722.8579
1561,0.0035332039,0.9999742,-0.0062549203,-0.9911218,0.004333141,0.1328863,0.13290997,0.005729873,0.99111146,0.01579893,-0.024515908,0.025554575,-0.13328055,-0.0063109323,-1.5664244,1505.0955,976.64484,1505.0955,722.9503
1595,0.00682233,0.9999683,-0.004112124,-0.9909404,0.007312204,0.13410328,0.13412909,0.0031599733,0.9909587,0.016808959,-0.025342133,0.028063389,-0.13450852,-0.0041496186,-1.5634174,1505.1627,976.70447,1505.1627,722.9818
1628,0.011856412,0.999929,0.0012131763,-0.9912788,0.011594581,0.13127004,0.13124663,-0.0027589845,0.9913458,0.016194101,-0.023180991,0.022485204,-0.13165,0.0012237664,-1.5591003,1505.0281,976.695,1505.0281,722.9121
1661,0.012129552,0.9999192,0.003806756,-0.9920172,0.01155564,0.1255715,0.12551737,-0.0052994955,0.99207723,0.01719153,-0.023601795,0.02437878,-0.12590387,0.0038371382,-1.5591482,1505.091,976.6719,1505.091,722.92865
1695,0.013422067,0.9998932,0.005767016,-0.9921672,0.012601559,0.12427956,0.12419361,-0.0073899324,0.9922304,0.018258302,-0.024362478,0.026804563,-0.12460173,0.005812109,-1.5580959,1505.1089,976.69684,1505.1089,722.9527
1728,0.017482264,0.99981266,0.0083142305,-0.99184346,0.016291667,0.12641667,0.12625751,-0.0104564605,0.9919423,0.012345802,-0.016448604,0.012254188,-0.12675583,0.008381573,-1.5543722,1505.0686,976.74164,1505.0686,722.95856
1761,0.019940112,0.99975157,0.009955922,-0.9921722,0.018559186,0.12348963,0.12327418,-0.012340387,0.99229586,0.012254419,-0.016004395,0.01149751,-0.12380567,0.010032883,-1.5520929,1505.055,976.7619,1505.055,722.91455
1795,0.021111703,0.99970496,0.0120046055,-0.9918476,0.019433476,0.12593907,0.12566862,-0.014565527,0.99196523,0.01291576,-0.01665609,0.0115361605,-0.12627438,0.01210125,-1.5512056,1505.1807,976.74695,1505.1807,722.9392
1828,0.018207159,0.99970514,0.016060358,-0.991317,0.015957542,0.1305219,0.13022713,-0.018297337,0.99131525,0.013608608,-0.018064488,0.010088863,-0.13089536,0.016199643,-1.5547004,1505.0596,976.75323,1505.0596,722.9232
1862,0.019337071,0.9996044,0.02041921,-0.9914056,0.016527522,0.1297749,0.12938608,-0.022753187,0.99133307,0.014391087,-0.019317538,0.0095628295,-0.13014196,0.020594817,-1.5541271,1505.073,976.76373,1505.073,722.91425
1895,0.02272733,0.99944854,0.024204908,-0.9906119,0.019248657,0.13534144,0.13480088,-0.027053624,0.99050313,0.015144341,-0.020475684,0.008670259,-0.13575806,0.02443212,-1.5513676,1505.2211,976.7557,1505.2211,722.92896
1929,0.022208814,0.9993745,0.027522385,-0.99028486,0.018210331,0.13785563,0.13726819,-0.030316615,0.9900698,0.015969425,-0.022241266,0.008233603,-0.13829605,0.027791271,-1.5524094,1505.1045,976.76776,1505.1045,722.9367
1962,0.024195254,0.999257,0.029998515,-0.9906001,0.019922888,0.13533123,0.134633,-0.03299091,0.9903461,0.01714256,-0.023278126,0.008131741,-0.13574776,0.030281682,-1.5506871,1505.0686,976.7771,1505.0686,722.906
1995,0.02624827,0.9991364,0.032210056,-0.9906832,0.021691889,0.13444766,0.13363282,-0.035438977,0.9903969,0.01848723,-0.024222871,0.008017998,-0.13485605,0.03251091,-1.548904,1505.1134,976.774,1505.1134,722.926
2028,0.02510334,0.99924415,0.029678553,-0.9909113,0.020947479,0.13287517,0.13215305,-0.032744426,0.9906882,0.016806548,-0.022598151,0.0051893257,-0.13326931,0.029948555,-1.5496598,1505.1045,976.74524,1505.1045,722.9095
2061,0.025283562,0.99917823,0.0316807,-0.9911258,0.020917622,0.1312711,0.13050051,-0.034718566,0.9908402,0.018049963,-0.02308976,0.0047633867,-0.13165106,0.03196268,-1.5496945,1505.1089,976.7598,1505.1089,722.9137
2095,0.026807522,0.9991145,0.03242586,-0.99145293,0.022430824,0.12852196,0.1276808,-0.035594076,0.9911763,0.019502323,-0.023806818,0.004653366,-0.12887844,0.032702863,-1.548176,1505.0461,976.7538,1505.0461,722.99646
2129,0.024489846,0.9992657,0.029466119,-0.9912709,0.020453295,0.13024442,0.12954608,-0.03239857,0.9910438,0.018707566,-0.023555772,0.0023608669,-0.13061549,0.029723652,-1.5501659,1505.1224,976.7732,1505.1224,722.9817
2162,0.024380289,0.99919194,0.03195265,-0.9913944,0.020053165,0.12936403,0.12861873,-0.034831617,0.99108213,0.02010499,-0.024346301,0.0015870035,-0.12972759,0.032229,-1.5505718,1505.055,976.787,1505.055,722.9875
2196,0.024950061,0.99907655,0.03497914,-0.99135077,0.02021713,0.12967183,0.12884489,-0.037911918,0.99093974,0.021857657,-0.025120206,0.00078710844,-0.13003801,0.035284307,-1.5504056,1505.1448,976.8262,1505.1448,722.9719
2229,0.02373591,0.99908125,0.035683185,-0.9911213,0.01884594,0.13161798,0.13082455,-0.03849044,0.99065804,0.021293614,-0.024831641,-0.0004962473,-0.13200098,0.036004115,-1.5517838,1505.1224,976.8544,1505.1224,723.0238
2262,0.02619332,0.9990125,0.035889804,-0.9912095,0.021297738,0.13057645,0.12968312,-0.03899454,0.9907884,0.022686508,-0.025150975,-0.0010437155,-0.13095038,0.03620765,-1.5493131,1505.0461,976.81213,1505.0461,723.0161
2295,0.02618891,0.99894917,0.037612535,-0.9915539,0.021177294,0.12795417,0.12702318,-0.040645838,0.9910666,0.024631813,-0.02554851,-0.0015749196,-0.12830591,0.03793337,-1.5494419,1505.0955,976.85645,1505.0955,722.9793
2329,0.02329485,0.99902606,0.037472233,-0.99168485,0.018345974,0.12737548,0.12656397,-0.040127844,0.9911464,0.023833659,-0.025245307,-0.001731981,-0.12772246,0.037788965,-1.5522987,1505.082,976.8216,1505.082,723.0938
2362,0.024670033,0.99888754,0.0401858,-0.9915077,0.019313911,0.12860526,0.12768605,-0.043017235,0.9908813,0.025306594,-0.02571205,-0.002743857,-0.12896243,0.0405334,-1.5513195,1505.1898,976.83136,1505.1898,723.04407
2396,0.024274766,0.9988182,0.042106718,-0.991514,0.018673748,0.1286516,0.12771328,-0.044872385,0.99079543,0.02720476,-0.026309261,-0.003679512,-0.12900916,0.042472336,-1.551965,1505.1134,976.804,1505.1134,723.0217
2428,0.022386432,0.99889916,0.041221004,-0.9918148,0.017005531,0.1265468,0.1257065,-0.043716535,0.9911037,0.029042667,-0.027694786,-0.00430775,-0.12688701,0.041567054,-1.5536522,1505.055,976.8456,1505.055,723.0783
2462,0.023580104,0.9988234,0.04237554,-0.99198496,0.01811333,0.12505075,0.12413605,-0.044984605,0.99124485,0.030886024,-0.028493457,-0.005376997,-0.12537898,0.042723805,-1.5525386,1505.1404,976.8088,1505.1404,723.0118
2496,0.024862655,0.9987583,0.043168843,-0.9918027,0.0192295,0.12632322,0.12533626,-0.045955706,0.9910493,0.032857522,-0.029360102,-0.0068259942,-0.12666163,0.043531206,-1.5514103,1505.1404,976.8264,1505.1404,723.05426
2529,0.02529698,0.9988398,0.040979065,-0.99169755,0.019903962,0.12704268,0.1260796,-0.043852635,0.9910504,0.03342418,-0.029300837,-0.0076652346,-0.12738693,0.04132558,-1.5507284,1505.1045,976.81134,1505.1045,723.0657
2562,0.026425105,0.9988394,0.04026884,-0.9919021,0.02119308,0.12522435,0.12422558,-0.043251816,0.99131083,0.035339218,-0.029992802,-0.009226373,-0.12555397,0.040599488,-1.5494335,1505.073,976.814,1505.073,723.1036
2596,0.027434608,0.9988695,0.038819503,-0.9918557,0.022369035,0.12538621,0.12437609,-0.041943267,0.9913481,0.037383914,-0.031080255,-0.011235664,-0.1257171,0.039138302,-1.5482475,1505.1134,976.85376,1505.1134,723.1065
2629,0.027117908,0.99890184,0.038205314,-0.9913893,0.02197661,0.12909015,0.12810874,-0.041376997,0.9908966,0.037887547,-0.03174086,-0.012456867,-0.1294514,0.03853722,-1.5486325,1505.1672,976.8315,1505.1672,723.1099
2662,0.023680802,0.9991063,0.035011083,-0.9918543,0.01909577,0.12593746,0.12515631,-0.037708197,0.99142015,0.03967413,-0.032911703,-0.014823194,-0.12627275,0.0352994,-1.5515461,1505.0146,976.8043,1505.0146,723.1408
2695,0.02199468,0.99922645,0.032598875,-0.9927175,0.017965285,0.119118154,0.11844035,-0.034981444,0.9923447,0.041024115,-0.034073822,-0.017973773,-0.11940166,0.032838546,-1.5527012,1505.0103,976.8183,1505.0103,723.1571
2729,0.02352306,0.99915254,0.033773277,-0.9924183,0.01926142,0.12138664,0.12063326,-0.03637261,0.99203044,0.038646784,-0.034603536,-0.022177171,-0.121686734,0.034031454,-1.5513902,1505.2928,976.8144,1505.2928,723.107
2761,0.025041914,0.9992524,0.029454932,-0.9921595,0.021233743,0.12316128,0.12244376,-0.032308184,0.9919495,0.038850084,-0.036249623,-0.02730845,-0.12347479,0.02968526,-1.5493981,1505.0371,976.79675,1505.0371,723.1259
2796,0.026221644,0.9993037,0.026538158,-0.99232286,0.022810474,0.121551424,0.12086144,-0.029521706,0.9922301,0.039360605,-0.038266066,-0.03310347,-0.12185275,0.026739595,-1.5478134,1505.082,976.81696,1505.082,723.13666
2829,0.028783392,0.99924856,0.025953388,-0.9919856,0.025359282,0.12377917,0.12302801,-0.029308176,0.9919702,0.035357773,-0.039470777,-0.039614424,-0.124097444,0.026157508,-1.5452378,1505.1716,976.77484,1505.1716,723.1187
2862,0.030491361,0.9992676,0.023118073,-0.99137044,0.02728405,0.12821883,0.12749417,-0.02682815,0.9914762,0.03564898,-0.04225552,-0.04709485,-0.12857278,0.023312597,-1.5432817,1505.1268,976.82983,1505.1268,723.1043
2895,0.028172866,0.9994767,0.015894793,-0.99171287,0.025953012,0.1258253,0.12534693,-0.019307934,0.99192494,0.034851268,-0.0453533,-0.054232657,-0.1261597,0.016022818,-1.5446324,1504.9249,976.8652,1504.9249,723.05133
2930,0.023881117,0.99962646,0.013280392,-0.9921245,0.02206387,0.12329595,0.12295688,-0.016120246,0.9922809,0.035665095,-0.04913255,-0.06345851,-0.1236105,0.013382902,-1.548561,1505.0415,976.84924,1505.0415,723.06964
2963,0.021378346,0.9996613,0.014834523,-0.9913068,0.019268282,0.13015217,0.12982225,-0.017488007,0.99138296,0.03758515,-0.05323475,-0.075616345,-0.13052244,0.014962347,-1.5513616,1505.1898,976.7406,1505.1898,723.07935
2996,0.019736093,0.99968386,0.015578467,-0.98957324,0.017308274,0.14298655,0.1426717,-0.018238032,0.9896019,0.04003023,-0.057431065,-0.08991399,-0.14347832,0.015740855,-1.5533074,1505.2346,976.7215,1505.2346,723.08673
3030,0.015946902,0.9996955,0.01882273,-0.98879397,0.012972819,0.14872096,0.1484315,-0.020983448,0.98869985,0.039208718,-0.060484815,-0.10627141,-0.14927472,0.019035561,-1.5576773,1505.1089,976.7714,1505.1089,723.10486
3063,0.01708319,0.99964803,0.020296982,-0.98818994,0.013788723,0.15261225,0.15227866,-0.022664376,0.98807764,0.040743332,-0.065522745,-0.12323568,-0.15321095,0.020539,-1.5568438,1505.082,976.77734,1505.082,723.11383
3096,0.02046047,0.99952626,0.022991175,-0.98647064,0.016441323,0.16311137,0.16265608,-0.026017454,0.9863397,0.04257026,-0.07141406,-0.14215672,-0.16384344,0.023305371,-1.554131,1505.2167,976.74164,1505.2167,723.11633
3130,0.019108392,0.9995253,0.024166843,-0.98574805,0.014793288,0.16757669,0.1671396,-0.027024537,0.98556274,0.041406643,-0.07735823,-0.16222228,-0.16837108,0.024515944,-1.5557903,1505.0461,976.78815,1505.0461,723.2057
3163,0.018160114,0.99942255,0.028716028,-0.9855324,0.013052379,0.16898365,0.16851126,-0.03136934,0.98520035,0.043921977,-0.08419995,-0.18444493,-0.1697984,0.02913915,-1.5575532,1505.0686,976.7802,1505.0686,723.1799
3197,0.018723376,0.99909097,0.038297225,-0.9839437,0.011612547,0.17810065,0.177494,-0.041016962,0.9832667,0.04716504,-0.091103174,-0.20923804,-0.1790559,0.03892929,-1.5589949,1505.2975,976.72906,1505.2975,723.1956
3230,0.022386303,0.99896324,0.039637696,-0.98268074,0.014691842,0.18472275,0.18394887,-0.043086465,0.9819909,0.04822171,-0.09819004,-0.23492296,-0.18578975,0.040342726,-1.5558467,1505.1134,976.7409,1505.1134,723.2306
3263,0.024773156,0.99889255,0.039998736,-0.98241067,0.016917774,0.18596534,0.18508269,-0.04390213,0.98174167,0.05217099,-0.10398327,-0.2620535,-0.18705425,0.04072011,-1.5535773,1505.0596,976.7599,1505.0596,723.21765
3297,0.02391457,0.99851066,0.049033616,-0.98215264,0.014313333,0.18753956,0.18655844,-0.05264343,0.9810323,0.05722067,-0.10883164,-0.29074445,-0.18865666,0.049940094,-1.5562239,1505.2435,976.7913,1505.2435,723.2736
3330,0.02295767,0.99846977,0.050309893,-0.9821559,0.0131295,0.18760934,0.18666169,-0.05371924,0.9809544,0.059642885,-0.112566926,-0.31901646,-0.1887277,0.05124178,-1.5574291,1505.1493,976.7448,1505.1493,723.217
3363,0.02426682,0.99858576,0.047302607,-0.9843264,0.015599144,0.17566463,0.1746783,-0.050824016,0.98331296,0.064940445,-0.11459655,-0.3479309,-0.17658086,0.04806829,-1.5549501,1504.8755,976.85364,1504.8755,723.28284
3397,0.026410876,0.9983901,0.050196324,-0.9861033,0.017781125,0.1651786,0.16402012,-0.053861268,0.9849854,0.07092072,-0.115547456,-0.37846202,-0.1659391,0.050917443,-1.5527666,1505.1404,976.8137,1505.1404,723.3045
3430,0.028530067,0.99784774,0.059040464,-0.9857367,0.018285127,0.16729823,0.16585858,-0.06297138,0.9841369,0.07115214,-0.11494659,-0.40960273,-0.16808863,0.05992031,-1.5522487,1505.2526,976.9076,1505.2526,723.3256
3463,0.040824242,0.99742913,0.058891404,-0.98410386,0.029943278,0.17505099,0.17283754,-0.06510158,0.9827963,0.07574277,-0.11400065,-0.44166368,-0.17595756,0.059850723,-1.5403788,1505.091,976.9617,1505.091,723.3243
3496,0.048281502,0.99670774,0.06513578,-0.98229396,0.035562675,0.18393956,0.18101756,-0.07286338,0.980777,0.081187785,-0.11256489,-0.47402057,-0.18499291,0.06631504,-1.5346085,1505.1627,977.08014,1505.1627,723.2621
3530,0.049430825,0.9949297,0.087587,-0.98071885,0.031749543,0.19282754,0.18906899,-0.09542985,0.9773156,0.08292802,-0.109952286,-0.5042141,-0.19404295,0.08938119,-1.5384339,1505.1672,977.0521,1505.1672,723.3995
3563,0.065454,0.99297214,0.09859993,-0.9753604,0.04280252,0.21642545,0.2106841,-0.11033639,0.9713073,0.08768254,-0.10696149,-0.5345449,-0.21815164,0.101166055,-1.5269407,1505.3064,977.04663,1505.3064,723.4496
3597,0.08102351,0.9932279,0.083267145,-0.9705102,0.059588205,0.23357914,0.22703557,-0.099737026,0.96876585,0.09332141,-0.104340866,-0.5616116,-0.23575704,0.08574105,-1.5094745,1504.9026,977.2744,1504.9026,723.3769
3631,0.07696354,0.9941275,0.07607122,-0.97186744,0.05776797,0.22833374,0.22259837,-0.09150453,0.97060627,0.09785789,-0.10293943,-0.58522487,-0.23036587,0.07821506,-1.511426,1505.5353,977.2344,1505.5353,723.3315
3664,0.057869576,0.9938321,0.09459782,-0.9738061,0.03532308,0.22461975,0.21989281,-0.10511859,0.9698438,0.10514909,-0.102887794,-0.61055523,-0.2265528,0.09723166,-1.534539,1505.8091,977.1751,1505.8091,723.2879
3697,0.041420188,0.99363977,0.10471054,-0.97240424,0.016007364,0.23275228,0.22959577,-0.111461625,0.9668826,0.110754475,-0.10401386,-0.63572127,-0.23490673,0.107876636,-1.5543362,1505.8091,977.1299,1505.8091,723.43097
3731,0.027947504,0.9940785,0.1050082,-0.970833,0.0019684383,0.23974869,0.23812228,-0.10864582,0.9651392,0.111578286,-0.10456936,-0.6589016,-0.24210697,0.1083748,-1.5687687,1505.6699,977.2004,1505.6699,723.4319
3764,0.0238936,0.99395233,0.10718144,-0.97085065,-0.0025064365,0.23967206,0.23849124,-0.1097838,0.9649193,0.11218797,-0.105427995,-0.68317604,-0.24202806,0.11062465,-1.573378,1505.616,977.0544,1505.616,723.41345
3798,0.03433205,0.99293464,0.113586985,-0.96951616,0.005499421,0.24496566,0.2426102,-0.1185346,0.9628549,0.110762805,-0.10517697,-0.7089421,-0.24748427,0.11742623,-1.565124,1505.8539,976.9162,1505.8539,723.421
3831,0.057196017,0.9921056,0.11160133,-0.96659845,0.027056132,0.25486296,0.2498315,-0.12245082,0.9605154,0.105067834,-0.103342034,-0.7351879,-0.257706,0.11567036,-1.5428126,1505.8135,976.8444,1505.8135,723.31934
3864,0.073188104,0.99120873,0.110221244,-0.9655888,0.04277028,0.25653255,0.24956307,-0.12520352,0.96023023,0.10272817,-0.10309882,-0.7614589,-0.25943297,0.11428608,-1.5265307,1505.7283,976.8537,1505.7283,723.1534
3898,0.07745421,0.99018043,0.11637626,-0.96749675,0.04646441,0.24857791,0.24072962,-0.1318471,0.9615953,0.101891354,-0.10387455,-0.78744686,-0.2512118,0.12043842,-1.5228078,1505.7642,976.78827,1505.7642,723.065
3931,0.080511145,0.9905845,0.11072502,-0.970429,0.052538294,0.23559932,0.22756375,-0.12641916,0.96552193,0.09897591,-0.10472482,-0.81284636,-0.2378352,0.11418014,-1.5167099,1505.625,976.74774,1505.625,722.9806
3965,0.08175886,0.99169534,0.09927605,-0.9741558,0.058471654,0.21817756,0.21056081,-0.114548296,0.9708464,0.0984257,-0.10707668,-0.8387243,-0.21994665,0.101903014,-1.5108453,1505.6339,976.60974,1505.6339,722.9013
3998,0.07718856,0.99262273,0.09349798,-0.97829205,0.05731601,0.19914648,0.19231841,-0.106840186,0.97549915,0.09876117,-0.11018398,-0.86653423,-0.20048688,0.095554404,-1.5122753,1505.661,976.59735,1505.661,722.7945
4031,0.06985567,0.9932847,0.09222616,-0.9813751,0.051843412,0.18497303,0.17894955,-0.10342988,0.97840637,0.09666011,-0.11087607,-0.8966995,-0.18604442,0.09398391,-1.5180181,1505.7776,976.58685,1505.7776,722.8118
4064,0.07555519,0.9933259,0.0871497,-0.98145264,0.05863899,0.18251605,0.17618753,-0.099323355,0.97933275,0.09537299,-0.11275762,-0.9289655,-0.18354489,0.08875506,-1.5111201,1505.8673,976.4692,1505.8673,722.8741
4097,0.085702464,0.9935536,0.07420313,-0.98074996,0.071013175,0.18189667,0.17545468,-0.08836372,0.9805137,0.09353029,-0.11348161,-0.9623539,-0.18291496,0.07553384,-1.4985155,1505.7148,976.4782,1505.7148,722.8955
4130,0.08991854,0.9938011,0.065375865,-0.98210216,0.077569306,0.1716343,0.16549918,-0.079638876,0.9829891,0.087954156,-0.11034829,-0.9970989,-0.17248835,0.06640942,-1.491977,1505.6025,976.47534,1505.6025,722.8876
4164,0.090254,0.99351424,0.06916409,-0.9826924,0.07755979,0.16822582,0.16177037,-0.08315009,0.9833189,0.08634646,-0.10854861,-1.0335362,-0.16902956,0.070221744,-1.4920338,1505.9257,976.48846,1505.9257,722.9974
4198,0.076437585,0.9938918,0.07960134,-0.9846979,0.06270807,0.16259661,0.15661177,-0.090811774,0.9834764,0.08609472,-0.10666961,-1.0704216,-0.16332172,0.080762684,-1.5071996,1505.7642,976.57184,1505.7642,722.93256
4231,0.06599069,0.9943314,0.08336769,-0.98679954,0.052650373,0.1531488,0.1478913,-0.092373595,0.9846802,0.08293711,-0.10202899,-1.1081681,-0.15375388,0.08446331,-1.5174922,1505.598,976.5795,1505.598,723.0827
4264,0.07042332,0.9949311,0.071782485,-0.98487866,0.057932016,0.16327219,0.15828605,-0.082195215,0.9839661,0.082458794,-0.09844114,-1.1458715,-0.16400644,0.07282319,-1.5120425,1505.8314,976.61237,1505.8314,723.15857
4298,0.07064973,0.99527925,0.06654177,-0.98190725,0.05764101,0.18037663,0.17568958,-0.07808142,0.9813441,0.07838008,-0.09411585,-1.1843498,-0.18136935,0.06770313,-1.5121605,1505.9437,976.697,1505.9437,723.2607
4331,0.06673617,0.99555147,0.06650939,-0.9810804,0.05333275,0.18610984,0.18173479,-0.07767133,0.9802753,0.078219816,-0.09061913,-1.2211831,-0.18720132,0.067743845,-1.5164886,1505.1134,976.8016,1505.1134,723.3392
4364,0.06359474,0.9962517,0.05863521,-0.9819491,0.051978055,0.18186311,0.17813368,-0.06914233,0.981574,0.080196574,-0.087980896,-1.2562834,-0.18288083,0.059665002,-1.5179121,1505.4679,976.84546,1505.4679,723.4236
4398,0.06805791,0.9960603,0.056849603,-0.98124194,0.056526214,0.18430673,0.18036713,-0.06832675,0.98122317,0.07916208,-0.082562126,-1.291044,-0.18536645,0.057872787,-1.5132531,1505.8494,976.92444,1505.8494,723.5081
4431,0.06655801,0.99636894,0.053094976,-0.9789173,0.054908354,0.19673833,0.19310856,-0.06507011,0.9790172,0.08010775,-0.08079709,-1.3260447,-0.19803011,0.05417986,-1.5147642,1505.8046,976.93787,1505.8046,723.57764
4464,0.061134063,0.9968237,0.05103923,-0.9790421,0.04993416,0.19744152,0.1942658,-0.062039964,0.978985,0.08225179,-0.08197442,-1.360182,-0.19874737,0.052087687,-1.5198374,1505.607,976.9142,1505.607,723.6878
4498,0.05466296,0.99719435,0.051139813,-0.9797946,0.04369995,0.19517355,0.19239114,-0.06077528,0.9794345,0.08094445,-0.08412286,-1.394402,-0.1964344,0.052166242,-1.5262247,1505.6384,976.936,1505.6384,723.7408
4532,0.049982257,0.9974456,0.051028576,-0.9798468,0.039078787,0.19589023,0.1933957,-0.059791222,0.97929716,0.081563205,-0.08880717,-1.4294658,-0.19716519,0.05206026,-1.5309349,1505.7507,976.82874,1505.7507,723.76874
4565,0.04467359,0.9975249,0.054297753,-0.97949135,0.033047114,0.19875741,0.19647105,-0.062063396,0.97854334,0.083918214,-0.09586011,-1.4657094,-0.20008987,0.055431504,-1.53707,1505.791,976.7833,1505.791,723.76917
4599,0.034710016,0.9976255,0.059485193,-0.97902834,0.02198652,0.2025341,0.20074531,-0.06526765,0.97746676,0.087179676,-0.10451447,-1.5031618,-0.20394495,0.060781527,-1.5483426,1505.7192,976.6747,1505.7192,723.7354
4632,0.03051076,0.9972063,0.06818113,-0.97774184,0.015609729,0.20922992,0.20758107,-0.073047325,0.9754865,0.08879296,-0.11565521,-1.5405668,-0.21078739,0.069781,-1.5548326,1505.9032,976.54956,1505.9032,723.7957
4665,0.028915327,0.99725115,0.06821939,-0.9767882,0.013698643,0.21376863,0.21224648,-0.07281711,0.97449934,0.09197992,-0.123878926,-1.5794684,-0.21543115,0.06989054,-1.5567731,1505.7102,976.5314,1505.7102,723.76874
4699,0.02942767,0.9974661,0.064771324,-0.9774012,0.0151440045,0.21084961,0.20933442,-0.0695124,0.97537017,0.09536234,-0.12895516,-1.6170886,-0.21244404,0.06630956,-1.5553035,1505.6743,976.36414,1505.6743,723.823
4732,0.032275494,0.99675316,0.07376695,-0.9792004,0.016742602,0.20220356,0.20031194,-0.07875885,0.9765615,0.0992862,-0.13262501,-1.6568772,-0.20360744,0.07539425,-1.5536997,1505.7372,976.3697,1505.7372,723.7636
4765,0.027383232,0.99616766,0.08306627,-0.98005676,0.01039283,0.19844547,0.19682166,-0.086843744,0.9765855,0.10485625,-0.13447504,-1.6986629,-0.1997716,0.08485362,-1.5601925,1505.8539,976.2879,1505.8539,723.6677
4799,0.018010167,0.9960907,0.08647945,-0.9809509,0.00087156147,0.19425347,0.1934187,-0.08833065,0.9771318,0.110491574,-0.13152857,-1.7406448,-0.19549637,0.08827336,-1.5699078,1505.845,976.3013,1505.845,723.6524
4832,0.011417976,0.99676085,0.079607315,-0.98401326,-0.002949832,0.1780705,0.17772852,-0.08036787,0.98079216,0.11554283,-0.12740737,-1.7817453,-0.17902526,0.08098881,-1.5737941,1505.423,976.42334,1505.423,723.76483
4864,0.01778862,0.9972816,0.07150393,-0.98402953,0.0047941417,0.17794015,0.17711364,-0.07352731,0.9814399,0.12072639,-0.121649645,-1.824486,-0.17889279,0.07272765,-1.5659244,1505.8046,976.4265,1505.8046,723.5912
4898,0.018804137,0.99602056,0.08711673,-0.9809898,0.001547605,0.19405249,0.19314542,-0.08910964,0.9771152,0.1265205,-0.114453524,-1.8688704,-0.19529149,0.08892196,-1.5692188,1506.0514,976.5988,1506.0514,723.55884
4931,0.017369173,0.99423605,0.10579686,-0.97884494,-0.004665929,0.20455015,0.20386475,-0.10711161,0.97312176,0.12756747,-0.104987234,-1.9117556,-0.20600411,0.108293705,-1.5755631,1505.872,976.75446,1505.872,723.6702
4966,0.016662836,0.99454224,0.10299571,-0.9788343,-0.0047887596,0.2045986,0.20397516,-0.10422493,0.97341204,0.13080621,-0.09726645,-1.9507673,-0.20605361,0.10541672,-1.5756886,1504.898,976.9352,1504.898,723.59436
4998,0.022091642,0.9953719,0.09352306,-0.9810933,0.0035936758,0.19350217,0.19227055,-0.09602964,0.9766321,0.13250461,-0.088257484,-1.9865013,-0.19473054,0.095469676,-1.5671334,1504.9518,977.0353,1504.9518,723.5243
5032,0.027331918,0.9952178,0.093778834,-0.9821299,0.009259577,0.18797633,0.18620902,-0.09724076,0.97768617,0.13416219,-0.08102477,-2.0233252,-0.18910134,0.09562661,-1.5613686,1505.1538,977.10754,1505.1538,723.46094
5066,0.02461018,0.9950624,0.09615117,-0.98270994,0.006424573,0.18504006,0.18350865,-0.099042594,0.97801584,0.13670482,-0.07610144,-2.0610592,-0.18611263,0.097997576,-1.5642588,1505.7013,977.1783,1505.7013,723.30365
5099,0.02268572,0.99462485,0.10102758,-0.9833665,0.0039843726,0.18158826,0.18020965,-0.10346662,0.97817117,0.13628948,-0.07097062,-2.0963986,-0.18260133,0.102917194,-1.5667446,1505.791,977.2818,1505.791,723.2883
5133,0.029862612,0.9949004,0.09633874,-0.98405224,0.012354117,0.17744946,0.17535436,-0.100101486,0.979403,0.13646843,-0.068405084,-2.1324315,-0.17839418,0.09804934,-1.5582427,1505.7238,977.2038,1505.7238,723.24304
5165,0.03495621,0.99621326,0.07960539,-0.985803,0.021282129,0.16655152,0.16422665,-0.08429726,0.982814,0.13802625,-0.06850616,-2.1688254,-0.1673313,0.08082098,-1.549211,1505.5847,977.21375,1505.5847,723.1017
5198,0.031591345,0.99692357,0.07173149,-0.98837984,0.020483214,0.15061796,0.14868528,-0.07565618,0.9859862,0.1405955,-0.068834856,-2.2074246,-0.15119334,0.07262307,-1.5500753,1505.7328,977.18604,1505.7328,723.04205
5233,0.023116643,0.9970388,0.073343575,-0.99052095,0.012905715,0.13675396,0.13540244,-0.07580964,0.98788613,0.14404464,-0.07177912,-2.2464006,-0.13718385,0.074106984,-1.5577679,1505.9032,977.04175,1505.9032,723.00543
5266,0.020589363,0.9981096,0.057904962,-0.99162453,0.013000875,0.12849711,0.12750138,-0.060065668,0.99001783,0.1469897,-0.07551807,-2.285233,-0.12885338,0.05842225,-1.5576864,1504.9922,976.8753,1504.9922,723.05774
5299,0.02693498,0.99842215,0.04926951,-0.9923423,0.020762432,0.12175991,0.120544836,-0.052171826,0.99133587,0.13945286,-0.077792816,-2.3260393,-0.12206279,0.049659256,-1.5498767,1505.1898,976.74164,1505.1898,722.94867
5333,0.029917471,0.9985897,0.043859184,-0.9929519,0.02465706,0.11592402,0.11467908,-0.047018215,0.9922891,0.13768795,-0.07969098,-2.3670423,-0.11618525,0.044171255,-1.5459694,1505.1493,976.61475,1505.1493,722.9382
5366,0.029470252,0.9992126,0.026559213,-0.9932528,0.026292292,0.11294851,0.11216128,-0.02970864,0.9932456,0.13968493,-0.08064964,-2.4076648,-0.11319005,0.026733454,-1.5443317,1505.1538,976.49615,1505.1538,722.9675
5400,0.016716689,0.999759,0.014228022,-0.99504685,0.015239924,0.09823153,0.09799101,-0.015799655,0.99506176,0.143261,-0.08001662,-2.449233,-0.0983902,0.014297658,-1.5554818,1504.9922,976.4824,1504.9922,722.9529
5433,6.988079e-05,0.99992657,0.012116165,-0.99693215,-0.00087867305,0.07826528,0.07827018,-0.012084461,0.99685884,0.14598237,-0.078132376,-2.4903245,-0.0783454,0.012153746,-1.5716777,1504.9877,976.48627,1504.9877,723.0186
5466,0.00082289724,0.99994534,0.010424624,-0.9967445,-2.0259855e-05,0.080624215,0.08062001,-0.010457033,0.99669,0.1468358,-0.07419653,-2.5324516,-0.08071182,0.010458863,-1.5708166,1505.3602,976.40125,1505.3602,723.149
5500,-0.00013851651,0.99996746,0.008064049,-0.995899,-0.00086751016,0.09046737,0.09047142,-0.008018449,0.99586666,0.14672051,-0.069890514,-2.5762796,-0.09059123,0.008097342,-1.5716674,1505.1852,976.4728,1505.1852,722.99756
5533,-0.0028566185,0.99977505,0.021017008,-0.996272,-0.00465744,0.08614084,0.08621933,-0.020692587,0.9960612,0.14632659,-0.064514056,-2.6175785,-0.08624773,0.021096986,-1.5754712,1505.091,976.50104,1505.091,723.1048
5566,0.0056837816,0.99971604,0.023139382,-0.9959286,0.003577396,0.09007422,0.08996586,-0.023557138,0.9956661,0.14485523,-0.058221314,-2.657263,-0.09019647,0.023235919,-1.5672044,1505.0596,976.5975,1505.0596,723.10126
5599,0.018288167,0.99956566,0.02310626,-0.99489427,0.015898878,0.099662215,0.09925156,-0.024810927,0.9947529,0.14451686,-0.053046443,-2.6960418,-0.09982794,0.023223964,-1.5548172,1505.1583,976.7152,1505.1583,723.07
5633,0.024435619,0.99928874,0.028719427,-0.99427915,0.02130503,0.10466631,0.10398,-0.031112716,0.9940926,0.14424756,-0.048577834,-2.7340581,-0.10485836,0.02888206,-1.549372,1505.0371,976.8619,1505.0371,723.03174
5667,0.024313886,0.9991153,0.03431392,-0.994306,0.020606145,0.10455036,0.10375078,-0.036660563,0.99392736,0.14441471,-0.045408502,-2.7714121,-0.104741774,0.034509864,-1.5500752,1505.1313,976.9043,1505.1313,722.9416
5700,0.021089394,0.9992218,0.0333324,-0.9947529,0.017633354,0.10077604,0.10010984,-0.035282806,0.99435055,0.14480934,-0.044063285,-2.808291,-0.1009474,0.033509232,-1.5530719,1504.9967,976.98975,1504.9967,722.9584
5733,0.02120319,0.99921864,0.03335489,-0.9952431,0.017922278,0.095759794,0.09508716,-0.035226643,0.99484545,0.14626949,-0.046203546,-2.8354316,-0.09590676,0.033515155,-1.5527903,1505.073,976.9777,1505.073,722.9397
5767,0.01877089,0.99906373,0.03897987,-0.99545836,0.015035494,0.09400309,0.093328975,-0.040567357,0.99480844,0.14714831,-0.049077526,-2.8723848,-0.09414209,0.039163258,-1.5556934,1505.2031,977.00916,1505.2031,722.94635
5800,0.017966459,0.9991164,0.03799467,-0.99580944,0.014473051,0.090299726,0.08967003,-0.039457813,0.9951895,0.14811446,-0.05351889,-2.910498,-0.0904229,0.038159795,-1.5562634,1505.0327,976.9083,1505.0327,723.05634
5833,0.016887076,0.99914,0.03786733,-0.9959725,0.013474076,0.08864045,0.088054,-0.039211698,0.99534357,0.15175219,-0.05769193,-2.9401827,-0.08875694,0.038026143,-1.5572686,1505.266,976.8782,1505.266,722.9947
5866,0.0121916,0.9987905,0.047629353,-0.99699056,0.008495122,0.077054664,0.07655686,-0.04842544,0.99588835,0.15416788,-0.06346967,-2.9786706,-0.07713112,0.04778958,-1.5622758,1505.0371,976.76245,1505.0371,723.0673
5900,0.0129325,0.99879134,0.047419436,-0.9972532,0.009424667,0.073465735,0.07293001,-0.048239283,0.9961697,0.1569103,-0.068761215,-3.0188804,-0.07353198,0.047565863,-1.5613459,1505.1357,976.68396,1505.1357,723.0949
5933,0.015508622,0.9985796,0.050972357,-0.99700737,0.0115826875,0.07643314,0.07573417,-0.052005205,0.99577093,0.16457029,-0.0753138,-3.0579545,-0.076507755,0.051144198,-1.5591794,1505.3558,976.6084,1505.3558,723.1026
5967,0.016644396,0.99870384,0.048097778,-0.9974917,0.01327583,0.0695256,0.06879695,-0.049134348,0.9964198,0.1689805,-0.0784067,-3.0978167,-0.06958173,0.04823316,-1.5574878,1504.9967,976.53253,1504.9967,723.1896
6000,0.014375657,0.9989673,0.04310084,-0.9980504,0.011717542,0.06130258,0.06073423,-0.043898083,0.99718815,0.17365326,-0.07950124,-3.1375751,-0.06134104,0.04319549,-1.5590564,1505.073,976.5653,1505.073,723.1853
6034,0.014426292,0.998956,0.04334572,-0.9982495,0.011902278,0.057933923,0.05735752,-0.044105615,0.99737895,0.18052112,-0.08014834,-3.1765802,-0.05796638,0.0434323,-1.5588738,1505.1763,976.52856,1505.1763,723.2814
6066,0.008582011,0.99931216,0.03607448,-0.9984801,0.0065996917,0.05471502,0.054439306,-0.03648922,0.99784994,0.18628651,-0.077900484,-3.2165189,-0.054742355,0.03613647,-1.5641867,1505.1134,976.5146,1505.1134,723.2381
6100,-0.005268689,0.9993929,0.034438685,-0.99875104,-0.0069701592,0.049473964,0.04968397,-0.03413501,0.9981814,0.19195889,-0.074168496,-3.2566237,-0.04949417,0.03448775,-1.5777751,1505.0865,976.6377,1505.0865,723.23785
6134,-0.00675977,0.9987703,0.049111202,-0.9989853,-0.008931691,0.044140548,0.044524916,-0.048763003,0.9978173,0.19569165,-0.0660517,-3.2989795,-0.044154894,0.049178947,-1.5797368,1505.2122,976.6591,1505.2122,723.36646
6167,0.009522898,0.9985273,0.05340837,-0.9981594,0.0062931958,0.060317207,0.059892263,-0.053884458,0.99674934,0.19597253,-0.058436964,-3.3388255,-0.06035384,0.053531356,-1.5644916,1505.3198,976.705,1505.3198,723.44867
6200,0.022872945,0.998757,0.0442845,-0.9969253,0.019465543,0.07590176,0.0749454,-0.04588443,0.99613136,0.19541365,-0.050955836,-3.3764496,-0.07597483,0.044427235,-1.5512732,1505.0281,976.8976,1505.0281,723.3282
6234,0.023071405,0.99867135,0.046077397,-0.99748194,0.01990325,0.06807035,0.06706282,-0.047531847,0.99661577,0.19808254,-0.04571115,-3.4171758,-0.06812303,0.04620096,-1.5508455,1504.88,976.94965,1504.88,723.27313
6267,0.026870232,0.9982767,0.052169744,-0.99743634,0.02331192,0.06765615,0.06632338,-0.05385394,0.9963438,0.19823565,-0.040143166,-3.4546509,-0.067707874,0.052313413,-1.5474287,1505.248,977.07715,1505.248,723.26953
6300,0.027015572,0.99807554,0.055815056,-0.9969633,0.022821873,0.07445278,0.073035695,-0.057656966,0.99566126,0.19855754,-0.036162205,-3.4919994,-0.074521735,0.055999666,-1.5479089,1505.2257,977.1855,1505.2257,723.15784
6334,0.020808287,0.9982798,0.054811664,-0.9973845,0.016931592,0.070266016,0.069217086,-0.05613043,0.9960211,0.19849165,-0.035184313,-3.5329187,-0.07032397,0.054975174,-1.5538219,1504.9653,977.2327,1504.9653,723.06744
6367,0.01507735,0.99841523,0.05421726,-0.9981124,0.011799976,0.060268898,0.05953362,-0.05502362,0.9967085,0.19881268,-0.035785004,-3.5698159,-0.060305443,0.054342747,-1.5589746,1505.0371,977.19183,1505.0371,723.015
6400,0.014038205,0.99824864,0.057467505,-0.99833137,0.010773481,0.056730654,0.056012172,-0.05816802,0.99673414,0.19870013,-0.038309075,-3.607552,-0.056761127,0.05759204,-1.5600053,1505.239,977.193,1505.239,723.0456
6433,0.017792027,0.998697,0.047829524,-0.99806255,0.014887535,0.060410846,0.059620064,-0.048811685,0.99702686,0.1993036,-0.0413285,-3.645624,-0.060447652,0.047935404,-1.555881,1505.1224,977.1323,1505.1224,722.9574
6467,0.017852144,0.99911356,0.0381227,-0.9982335,0.015649507,0.057314344,0.05666693,-0.03907854,0.997628,0.19905828,-0.04680333,-3.6840014,-0.05734577,0.038194757,-1.5551205,1505.0955,977.0721,1505.0955,722.95483
6501,0.016681015,0.99922055,0.03577706,-0.9987568,0.0149708865,0.04754617,0.04697349,-0.036525704,0.998228,0.19846445,-0.052940365,-3.7231603,-0.047564104,0.035825234,-1.555808,1505.0327,976.9378,1505.0327,722.8586
6534,0.022210145,0.9992155,0.032788,-0.99848723,0.020520108,0.051010776,0.05029794,-0.03387136,0.99815965,0.19601607,-0.056220468,-3.765711,-0.051032923,0.032836646,-1.550248,1505.3334,976.8423,1505.3334,722.92114
6567,0.027597181,0.999387,0.021537224,-0.99807805,0.026352352,0.056086466,0.05548453,-0.02304366,0.99819356,0.1944153,-0.06025691,-3.8067226,-0.056115914,0.021572853,-1.5443994,1505.0775,976.7202,1505.0775,722.8453
6601,0.030250628,0.99939233,0.017316865,-0.99828696,0.029340062,0.05061987,0.050081033,-0.018818483,0.9985678,0.19272259,-0.06250128,-3.8474233,-0.050641514,0.017339963,-1.5414144,1505.1134,976.6002,1505.1134,722.85876
6633,0.042557254,0.9990447,0.009925478,-0.9979945,0.042042375,0.047322318,0.046859816,-0.01191948,0.9988302,0.18910044,-0.061191175,-3.891181,-0.04734,0.009936775,-1.5286944,1505.1089,976.45404,1505.1089,722.9679
6667,0.052026734,0.9986396,-0.0034875888,-0.99719226,0.052139055,0.053750742,0.05385945,0.0006813229,0.9985482,0.18685585,-0.058813326,-3.9334996,-0.05377666,-0.0034926452,-1.518558,1505.1179,976.55927,1505.1179,722.85565
6701,0.038347185,0.9992568,0.003918394,-0.997871,0.038086407,0.05294173,0.05275314,-0.0059402175,0.9985899,0.18665208,-0.055505224,-3.9762228,-0.05296649,0.003923907,-1.5326471,1505.2346,976.5983,1505.2346,722.7451
6734,0.03448258,0.9993168,0.013300743,-0.99811697,0.03375956,0.05121234,0.05072832,-0.015041632,0.9985992,0.18436262,-0.049524512,-4.0190306,-0.051234752,0.013318613,-1.536986,1505.1134,976.5674,1505.1134,723.0171
6767,0.035512276,0.99935085,0.0060440153,-0.9970698,0.035019908,0.06800918,0.06775338,-0.00844147,0.99766624,0.18336964,-0.04443169,-4.061656,-0.06806172,0.0060580797,-1.5356879,1505.2705,976.7349,1505.2705,722.925
6801,0.022328395,0.99963194,0.015407343,-0.99683565,0.021084644,0.0766426,0.07628952,-0.0170699,0.99693954,0.18355633,-0.039690766,-4.1030965,-0.07671784,0.015453411,-1.5496479,1505.2211,976.8092,1505.2211,722.9756
6833,0.011646897,0.99966,0.023326801,-0.99762124,0.010031729,0.06819947,0.06794228,-0.024065629,0.99739885,0.18141729,-0.032082576,-4.14052,-0.06825245,0.023383373,-1.5607411,1504.8667,976.8403,1504.8667,723.1088
6867,0.012591307,0.9995466,0.027350917,-0.9974292,0.010625511,0.070865884,0.07054313,-0.028172893,0.9971107,0.17979898,-0.026537852,-4.1795287,-0.07092533,0.027423294,-1.5601438,1505.2031,976.91693,1505.2031,723.23987
6901,0.01608797,0.9995246,0.026300235,-0.9966746,0.013929585,0.080284886,0.07988037,-0.027504396,0.9964248,0.17837399,-0.022247016,-4.218227,-0.08037139,0.026388474,-1.5568212,1505.2211,977.0356,1505.2211,723.2105
6934,0.013234916,0.9996921,0.020987943,-0.9972226,0.011657867,0.073560394,0.07329307,-0.021903217,0.99706984,0.17606169,-0.018320538,-4.2546988,-0.0736269,0.021046514,-1.5591065,1504.9159,977.1658,1504.9159,723.1857
6967,0.007523759,0.99974656,0.021217518,-0.9983375,0.0062972377,0.05729273,0.05714459,-0.021613304,0.99813193,0.17621782,-0.01767572,-4.2919054,-0.05732412,0.021254027,-1.5644886,1505.0192,977.10846,1505.0192,723.2834
7001,0.0062474827,0.99966395,0.025153982,-0.9987822,0.005007011,0.049079582,0.048937142,-0.025429977,0.9984778,0.17677829,-0.019284513,-4.3305416,-0.049099308,0.025187,-1.5657833,1505.2122,977.10077,1505.2122,723.382
7034,0.0054015517,0.999765,0.020987548,-0.99867356,0.004318633,0.051305193,0.0512025,-0.021236842,0.99846226,0.17561932,-0.02415913,-4.361496,-0.051327728,0.021016777,-1.5664719,1505.1583,977.0401,1505.1583,723.37286
7067,0.003478329,0.99986196,0.016239176,-0.9986506,0.0026317874,0.05186293,0.051813032,-0.01639766,0.998522,0.17704535,-0.030618863,-4.4009147,-0.05188621,0.016261779,-1.568161,1505.1404,976.979,1505.1404,723.4144
7100,0.00077721674,0.9998479,0.017424233,-0.99881613,-7.1303184e-05,0.04864428,0.048638117,-0.017441412,0.9986641,0.17899245,-0.037956618,-4.4420824,-0.048663482,0.017445771,-1.5708677,1505.1089,976.904,1505.1089,723.4201
7135,0.0021954917,0.99978656,0.020538203,-0.9985036,0.0010695354,0.05467369,0.05464005,-0.020627508,0.99829286,0.18095411,-0.044447575,-4.4790506,-0.054700967,0.020570423,-1.5697252,1505.2975,976.7448,1505.2975,723.4506
7168,0.004786195,0.99974644,0.021999687,-0.99775,0.0033031332,0.06696143,0.06687178,-0.022270681,0.9975128,0.18331435,-0.05128404,-4.5211177,-0.06701157,0.022050966,-1.5674858,1505.2749,976.66907,1505.2749,723.3982
7201,0.005196331,0.9998801,0.014587136,-0.9977492,0.0042089256,0.06692307,0.06685364,-0.014902059,0.99765146,0.18603611,-0.05653616,-4.5626354,-0.06697312,0.014620434,-1.5665779,1504.9922,976.5238,1504.9922,723.5163
7235,0.0013795198,0.9999026,0.0138795525,-0.9981992,0.0005445595,0.059982438,0.059969034,-0.013937306,0.9981028,0.18901736,-0.059285037,-4.5972466,-0.060018465,0.013905039,-1.5702507,1505.0955,976.44965,1505.0955,723.4494
7268,-0.0075788475,0.9997567,0.020710977,-0.99797493,-0.008870165,0.062986225,0.06315461,-0.020191675,0.99779934,0.19274439,-0.060404684,-4.6389427,-0.06302795,0.020753674,-1.5796843,1505.2928,976.4792,1505.2928,723.4946
7302,-0.0051409225,0.9999328,0.010382296,-0.99790066,-0.0058002095,0.064503044,0.06455892,-0.010028893,0.99786335,0.19581741,-0.058912046,-4.6804314,-0.06454786,0.010404151,-1.5766087,1505.0192,976.3496,1505.0192,723.53937
7335,-0.0061902073,0.99998075,2.3633233e-05,-0.99757403,-0.0061769485,0.06933841,0.06933721,0.00040564383,0.9975931,0.19928849,-0.05482182,-4.7166953,-0.06939409,2.3690252e-05,-1.5769882,1505.0236,976.5613,1505.0236,723.3408
7368,-0.0093124565,0.99983966,0.015287499,-0.99736106,-0.010387994,0.071852475,0.071999766,-0.014578038,0.99729794,0.20181273,-0.050932296,-4.7578793,-0.07191445,0.015327718,-1.5812114,1505.2839,976.6062,1505.2839,723.4169
7401,-0.000985889,0.9998816,0.01534975,-0.9962645,-0.002307512,0.08632274,0.08634794,-0.015207308,0.9961488,0.20255029,-0.04610918,-4.798924,-0.08643031,0.015407874,-1.5731125,1505.1313,976.6687,1505.1313,723.50616
7435,0.0041505303,0.99991655,0.012237192,-0.9950005,0.0029084159,0.09982742,0.099783495,-0.01259035,0.99492943,0.20260626,-0.040794592,-4.8361526,-0.099993974,0.012298938,-1.5678734,1505.055,976.8031,1505.055,723.3092
7469,0.0022920845,0.99965614,0.026118545,-0.9943171,-0.00050163467,0.10645774,0.10643423,-0.026214128,0.99397403,0.20311034,-0.0359015,-4.8756485,-0.10665986,0.026270844,-1.5713009,1505.2794,976.878,1505.2794,723.2586
7502,0.0037605471,0.9996577,0.025892721,-0.99389094,0.00088027696,0.11036299,0.11030241,-0.026149571,0.993554,0.2029123,-0.031253055,-4.9139986,-0.11058827,0.02605481,-1.5699106,1505.0371,976.9703,1505.0371,723.22125
7535,0.005990629,0.99970233,0.023649171,-0.99476546,0.00354522,0.102122284,0.10200804,-0.02413716,0.9944906,0.2024038,-0.026383655,-4.9512563,-0.10230063,0.023775704,-1.5672325,1504.9788,977.1203,1504.9788,723.2171
7568,0.009530949,0.99957305,0.02761853,-0.99581885,0.006978505,0.091082856,0.090851225,-0.02837116,0.9954603,0.20113881,-0.024204394,-4.9885983,-0.09120927,0.027737366,-1.5637887,1505.073,977.10065,1505.073,723.15
