time,r00,r01,r02,r10,r11,r12,r20,r21,r22,t0,t1,t2,pitch,yaw,roll,fx,ox,fy,oy
0,0.17468031,0.9611786,0.2135937,-0.92682534,0.08728041,0.36520776,0.3323874,-0.26175871,0.90609086,-0.025201416,-0.016561568,-0.014207236,-0.37385598,0.23150459,-1.4769019,1505.6431,976.22864,1505.6431,724.55176
37,0.17355718,0.9616537,0.21236788,-0.927086,0.08678763,0.36466342,0.33224908,-0.26017323,0.9065983,-0.024892906,-0.016304215,-0.014114166,-0.37327132,0.23009819,-1.477455,1505.6431,976.2628,1505.6431,724.56616
74,0.17193253,0.9612131,0.21565875,-0.92823863,0.08477149,0.36219707,0.32986683,-0.26245627,0.90681016,-0.024507482,-0.01618283,-0.014156878,-0.37062395,0.23348391,-1.4797238,1505.5488,976.2093,1505.5488,724.5357
112,0.16994834,0.96071523,0.21941742,-0.92942506,0.08225535,0.35972655,0.32754645,-0.265067,0.9068918,-0.024145467,-0.016136337,-0.014296716,-0.36797482,0.2373827,-1.482525,1505.7417,976.21893,1505.7417,724.52155
1436,0.045602173,0.99859464,-0.027004905,-0.9749606,0.05038026,0.21659489,0.21765101,0.016451525,0.97588795,-0.008226655,-0.006750919,-0.07606352,-0.2183252,-0.027665077,-1.5191681,1505.0865,976.4651,1505.0865,724.2454
1498,0.04495641,0.99856925,-0.028955804,-0.97491366,0.05017957,0.21685298,0.21799569,0.018480485,0.97577477,-0.0084659215,-0.008537486,-0.080901906,-0.21858957,-0.029665975,-1.5193709,1505.0371,976.4823,1505.0371,724.27185
1535,0.043987554,0.9985495,-0.031047856,-0.97489697,0.04969404,0.21703972,0.21826778,0.020721415,0.9756689,-0.007891525,-0.009226206,-0.08513,-0.21878088,-0.03181139,-1.5198668,1505.0281,976.4738,1505.0281,724.2736
1568,0.042475704,0.998558,-0.032830484,-0.97490686,0.048612062,0.21724021,0.21852288,0.022779234,0.9755659,-0.0069868173,-0.009599293,-0.08924767,-0.21898627,-0.033640064,-1.5209743,1505.0103,976.52936,1505.0103,724.30115
1604,0.04078896,0.9985848,-0.034127653,-0.97505796,0.04723955,0.21686481,0.21817006,0.024430739,0.97560483,-0.005894169,-0.009873232,-0.09339106,-0.2186017,-0.034966763,-1.5223862,1505.0596,976.572,1505.0596,724.3155
1639,0.038853806,0.9986181,-0.035387296,-0.97541636,0.045591217,0.21560192,0.21691734,0.026140397,0.9758399,-0.0046370476,-0.010134035,-0.0975719,-0.21730821,-0.03624754,-1.52409,1505.0056,976.5414,1505.0056,724.2976
1672,0.034020595,0.99870545,-0.037813902,-0.97407085,0.04160157,0.22238478,0.22367,0.029267756,0.9742253,-0.0062703104,-0.010787299,-0.10497638,-0.22425982,-0.038794857,-1.5281132,1505.0281,976.5891,1505.0281,724.2565
1705,0.030760435,0.99874544,-0.03951317,-0.97455347,0.038750008,0.22077952,0.2220337,0.03171642,0.9745229,-0.005708553,-0.011201792,-0.11045528,-0.22261365,-0.040523972,-1.5310555,1505.0056,976.59235,1505.0056,724.2348
1739,0.027581258,0.99880785,-0.04027742,-0.97507423,0.035756286,0.21897832,0.22015741,0.033233773,0.97489804,-0.004375161,-0.0115550915,-0.11543381,-0.22076724,-0.041291013,-1.5341424,1505.0281,976.5476,1505.0281,724.243
1771,0.025084682,0.9988697,-0.040372413,-0.9756427,0.033265185,0.21682872,0.21792665,0.03394997,0.97537446,-0.0027288534,-0.011901477,-0.120373376,-0.21856472,-0.041368093,-1.5367138,1505.0281,976.5439,1505.0281,724.2833
1805,0.022794288,0.9989324,-0.04017988,-0.9762089,0.030908294,0.21461758,0.21563034,0.034331907,0.97587144,-0.0008777115,-0.012283805,-0.12544641,-0.21630026,-0.04115009,-1.5391454,1505.0192,976.5293,1505.0192,724.2468
1843,0.016439594,0.9991016,-0.03906045,-0.975381,0.024616988,0.21914758,0.21991226,0.034496114,0.9749094,-0.0009753557,-0.010136076,-0.13194181,-0.22094072,-0.040044304,-1.5455633,1505.064,976.5864,1505.064,724.29175
1876,0.014098897,0.9991011,-0.03997676,-0.97566783,0.022494843,0.21809635,0.21879959,0.03592912,0.975108,0.000463845,-0.0096663935,-0.13786969,-0.21986343,-0.04097432,-1.5477445,1505.0371,976.5422,1505.0371,724.27234
1909,0.011977694,0.9990814,-0.041144896,-0.9759655,0.020634973,0.21694547,0.21759517,0.03755749,0.97531617,0.0024449546,-0.009757169,-0.14376372,-0.21868433,-0.042161215,-1.5496564,1505.0371,976.56165,1505.0371,724.2595
1942,0.010276268,0.9990782,-0.041678652,-0.9763672,0.019023485,0.21527895,0.21587336,0.038481403,0.9756627,0.004661426,-0.010063909,-0.14982255,-0.21697748,-0.042692345,-1.5513148,1505.0012,976.5657,1505.0012,724.256
1976,0.008640379,0.99911255,-0.04122633,-0.9768405,0.017247997,0.21327192,0.2137937,0.03842879,0.97612256,0.0070286915,-0.010481986,-0.15612127,-0.21492271,-0.042209703,-1.5531412,1505.0327,976.56665,1505.0327,724.26794
2008,0.0070138425,0.99917054,-0.04011352,-0.9773507,0.015334447,0.21106952,0.21150957,0.03772457,0.9766476,0.00950098,-0.010961142,-0.16265273,-0.212669,-0.041049592,-1.5551078,1505.0507,976.52454,1505.0507,724.2855
2041,0.0048835375,0.99918467,-0.040074054,-0.9773058,0.013255861,0.2114171,0.21177596,0.038132153,0.9765739,0.008718524,-0.01041297,-0.16955057,-0.2130246,-0.041012343,-1.5572335,1505.1045,976.61743,1505.1045,724.2794
2074,0.004399499,0.9991818,-0.040205188,-0.9779499,0.012693769,0.20845297,0.20879278,0.038401563,0.97720563,0.010097291,-0.01059065,-0.17652197,-0.20999292,-0.041119825,-1.5578171,1505.0192,976.6201,1505.0192,724.26056
2107,0.0044652843,0.9991046,-0.042071216,-0.9785087,0.013038921,0.20579213,0.20615643,0.040248126,0.9776908,0.012177605,-0.01104745,-0.18365915,-0.2072731,-0.043004677,-1.5574719,1505.0103,976.67645,1505.0103,724.2658
2141,0.004799789,0.99898994,-0.044678118,-0.97892034,0.013816821,0.20377432,0.20418578,0.04275825,0.9779979,0.014542356,-0.011647463,-0.1910551,-0.2052116,-0.045651507,-1.556683,1505.0146,976.6318,1505.0146,724.28955
2174,0.005123042,0.99887055,-0.04723833,-0.9795558,0.014512983,0.20064808,0.20110704,0.04524466,0.9785238,0.019796306,-0.013101679,-0.20684516,-0.20201941,-0.048237648,-1.5559815,1505.0236,976.5956,1505.0236,724.2669
2208,0.0034082162,0.99886084,-0.047597002,-0.9793374,0.012958452,0.20181726,0.20220412,0.0459257,0.97826594,0.024643894,-0.013360171,-0.23652405,-0.203213,-0.048616122,-1.5575652,1505.0955,976.5903,1505.0955,724.30786
2241,0.003501727,0.99891794,-0.04637579,-0.9795287,0.012760695,0.20089887,0.20127326,0.044722922,0.97851366,0.030819748,-0.014794482,-0.25670835,-0.20227541,-0.047358677,-1.5577697,1504.9967,976.6659,1504.9967,724.29407
2287,0.0024091026,0.9989505,-0.04574211,-0.97963446,0.011541478,0.20045693,0.20077445,0.04432762,0.97863406,0.03423758,-0.015606535,-0.26669613,-0.20182429,-0.046706777,-1.5590155,1505.0327,976.64276,1505.0327,724.2624
2322,-0.0007202541,0.99912226,-0.041882563,-0.97963095,0.0077052475,0.20065787,0.20080447,0.041173983,0.97876567,0.043847848,-0.017488217,-0.3070457,-0.2020294,-0.04276512,-1.5629311,1505.0999,976.6142,1505.0999,724.2067
2356,-0.008398801,0.9991932,-0.039274804,-0.97991216,-0.00039788242,0.19942887,0.19925235,0.040160824,0.9791249,0.05213775,-0.018667877,-0.32943773,-0.20077504,-0.040090658,-1.5712024,1505.0461,976.62695,1505.0461,724.2186
2391,-0.016212428,0.9990423,-0.04064328,-0.9805113,-0.007925681,0.1963026,0.19579244,0.043033738,0.97970074,0.0608932,-0.019002628,-0.3520473,-0.19758572,-0.041461628,-1.5788794,1505.0461,976.60876,1505.0461,724.2072
2425,-0.023668598,0.9986544,-0.046141353,-0.9823148,-0.014656934,0.18666124,0.18573378,0.04974335,0.98134005,0.070453554,-0.016901713,-0.3830431,-0.18776256,-0.046984117,-1.585716,1504.9204,976.68317,1504.9204,724.2216
2458,-0.03086386,0.9985836,-0.043339532,-0.9833112,-0.02255677,0.18052724,0.17929395,0.04818803,0.98261476,0.07966672,-0.015291961,-0.40843335,-0.18152247,-0.044077765,-1.5937319,1505.082,976.6714,1505.082,724.1973
2494,-0.03226216,0.9986276,-0.04125614,-0.98319036,-0.024287455,0.18096043,0.17971008,0.04640084,0.98262465,0.08412224,-0.014117274,-0.42125618,-0.18196292,-0.04196101,-1.595494,1505.1852,976.66895,1505.1852,724.1779
2527,-0.028475132,0.9981463,-0.0537883,-0.98314065,-0.018242722,0.18193841,0.18061991,0.05806218,0.98183763,0.09260824,-0.007450266,-0.46417376,-0.18295741,-0.05472859,-1.5893497,1504.9563,976.76636,1504.9563,724.1629
2561,-0.022255208,0.9985124,-0.04977769,-0.9841607,-0.013121937,0.17679176,0.17587557,0.052923795,0.9829887,0.0999265,-0.0035668188,-0.4902922,-0.17772591,-0.05059591,-1.5841286,1505.082,976.8184,1505.082,724.0744
2594,-0.0123942755,0.99885964,-0.04610755,-0.98448575,-0.0041187014,0.17541565,0.1750257,0.047566373,0.9834141,0.106830895,-0.00024960376,-0.51636654,-0.17632794,-0.04685087,-1.5749799,1505.0415,976.8073,1505.0415,724.137
2630,-0.006749168,0.99816746,-0.060135342,-0.9837193,0.004172469,0.17966318,0.17958485,0.060368877,0.9818884,0.11011563,0.001972799,-0.5455061,-0.18064405,-0.061168175,-1.5665548,1504.9474,976.888,1504.9474,724.01685
2669,-0.0059651346,0.99793935,-0.063887045,-0.98244315,0.0060646576,0.18646294,0.18646616,0.06387767,0.9803826,0.11679706,0.002804936,-0.572368,-0.1875607,-0.06507341,-1.5646234,1505.0461,976.8978,1505.0461,723.923
2718,-0.010227317,0.9976586,-0.06762238,-0.98156923,0.0028895333,0.1910845,0.1908325,0.06833033,0.9792415,0.12126965,0.0025548222,-0.6021686,-0.1922669,-0.06894642,-1.5678525,1505.0461,976.91724,1505.0461,723.8711
2753,-0.01456802,0.9974455,-0.06993101,-0.98081374,-0.00065746484,0.19494541,0.19440143,0.071429275,0.9783179,0.12826926,0.0015332717,-0.63028634,-0.19620179,-0.07135949,-1.5714667,1505.0192,976.86755,1505.0192,723.77747
2790,-0.01708957,0.9973984,-0.070031434,-0.98062986,-0.0030511222,0.19584575,0.19512257,0.07202187,0.9781308,0.1385889,-0.0013980987,-0.67358637,-0.19711983,-0.071475245,-1.5739077,1505.064,976.8447,1505.064,723.71625
2825,-0.01708957,0.9973984,-0.070031434,-0.98062986,-0.0030511222,0.19584575,0.19512257,0.07202187,0.9781308,0.1385889,-0.0013980987,-0.67358637,-0.19711983,-0.071475245,-1.5739077,1504.9294,976.8205,1504.9294,723.73645
2859,-0.006406822,0.99661654,-0.081941485,-0.9821669,0.009126047,0.18778937,0.1879018,0.081683345,0.97878534,0.14305034,-0.0077396184,-0.73727334,-0.18891099,-0.08352276,-1.5615048,1504.4985,976.7925,1504.4985,723.6642
2893,-0.006406822,0.99661654,-0.081941485,-0.9821669,0.009126047,0.18778937,0.1879018,0.081683345,0.97878534,0.14305034,-0.0077396184,-0.73727334,-0.18891099,-0.08352276,-1.5615048,1504.4851,976.61707,1504.4851,723.5463
2927,0.0019415927,0.9956812,-0.092818044,-0.9867322,0.016976107,0.16146597,0.1623443,0.09127305,0.98250365,0.14842953,-0.019439543,-0.82067984,-0.16217594,-0.094191395,-1.5535936,1504.4851,976.6486,1504.4851,723.51996
2963,0.0038969899,0.99536663,-0.096074216,-0.987888,0.018735213,0.15403315,0.1551194,0.09431032,0.9833837,0.15219964,-0.023845367,-0.8556513,-0.15464886,-0.09738852,-1.5518336,1504.539,976.55096,1504.539,723.5518
3001,0.005844766,0.995126,-0.09843823,-0.987865,0.021024477,0.15388493,0.15520449,0.09634427,0.9831731,0.15387948,-0.025662541,-0.87373906,-0.15449885,-0.09979043,-1.5495168,1504.5839,976.5473,1504.5839,723.4747
3038,0.00992291,0.99515676,-0.09779796,-0.98776317,0.024978213,0.15394752,0.15564473,0.09507365,0.9832272,0.15130797,-0.027240131,-0.8939199,-0.15456219,-0.0991402,-1.5455141,1504.6556,976.4581,1504.6556,723.5075
3073,0.012032308,0.99399763,-0.10873809,-0.98831433,0.02834758,0.14977019,0.15195368,0.10566535,0.9827232,0.15561888,-0.029066984,-0.96805006,-0.15033583,-0.11020148,-1.5421214,1504.4224,976.4544,1504.4224,723.433
3109,0.009404118,0.9951718,-0.09769754,-0.9909332,0.022369795,0.1324796,0.13402542,0.09556591,0.98635906,0.15409514,-0.02411031,-1.0414548,-0.13287021,-0.098726645,-1.5482256,1504.6646,976.4996,1504.6646,723.445
3163,0.0071396315,0.99527687,-0.09681475,-0.99063826,0.020238768,0.13500406,0.1363258,0.09494452,0.9861038,0.15559308,-0.022115882,-1.0595882,-0.13541757,-0.09786543,-1.5503691,1504.6243,976.604,1504.6243,723.4244
3199,0.006279462,0.9948822,-0.100845836,-0.9902401,0.0202279,0.13789563,0.13922983,0.098995715,0.98529935,0.15705809,-0.019868705,-1.07743,-0.13833643,-0.10199529,-1.5503719,1504.5121,976.5918,1504.5121,723.49023
3238,0.006279462,0.9948822,-0.100845836,-0.9902401,0.0202279,0.13789563,0.13922983,0.098995715,0.98529935,0.15705809,-0.019868705,-1.07743,-0.13833643,-0.10199529,-1.5503719,1504.5076,976.7638,1504.5076,723.50507
3274,0.00934331,0.9942439,-0.10673196,-0.98943996,0.024631388,0.14283407,0.14464086,0.10427036,0.98397493,0.16054909,-0.00844783,-1.1649406,-0.14332426,-0.10804777,-1.5459071,1504.5839,976.8301,1504.5839,723.4943
3310,0.012420094,0.99381316,-0.11036888,-0.9884579,0.028869275,0.14871877,0.15098494,0.10724791,0.98270106,0.16572624,-0.004618784,-1.1990671,-0.14927252,-0.111843064,-1.5415982,1504.5165,976.90845,1504.5165,723.5984
3346,0.016086062,0.9921642,-0.12390101,-0.98719716,0.035426777,0.15551981,0.15869062,0.11981306,0.98003167,0.17119253,-0.0016371405,-1.2659892,-0.15615365,-0.12575833,-1.5349255,1504.4851,977.0639,1504.4851,723.70636
3382,0.015515884,0.9919534,-0.12564975,-0.98793805,0.034572504,0.15094002,0.15406947,0.12179221,0.98052496,0.17453296,-0.00144153,-1.2817189,-0.15151912,-0.12745078,-1.535816,1504.4536,977.04,1504.4536,723.77014
3418,0.013152796,0.9915599,-0.12897971,-0.98953176,0.031446826,0.1408462,0.14371346,0.125777,0.9815937,0.17460641,-0.003551893,-1.3172879,-0.14131607,-0.13064979,-1.5390276,1504.4403,977.0895,1504.4403,723.9011
3455,0.009959264,0.9906574,-0.13601048,-0.99048126,0.028447544,0.13467567,0.1372866,0.13337456,0.9815108,0.18131603,-0.0065366235,-1.3496995,-0.13508613,-0.13769569,-1.5420833,1504.548,976.9792,1504.548,723.95624
3491,0.0066457125,0.99070156,-0.13588974,-0.99163276,0.024048628,0.12683006,0.12891872,0.13390987,0.9825721,0.18915577,-0.011155217,-1.3825487,-0.12717257,-0.13742825,-1.5465496,1504.5569,976.92426,1504.5569,724.0296
3527,0.003357725,0.9914517,-0.13043176,-0.9930813,0.018616352,0.115943536,0.11738057,0.12914005,0.98465455,0.19194497,-0.016574442,-1.4194218,-0.11620489,-0.13169776,-1.5520525,1504.53,976.88025,1504.53,724.1136
3563,0.0025966351,0.9914469,-0.13048564,-0.99381375,0.017046252,0.10974296,0.111028604,0.12939349,0.9853578,0.19562264,-0.019584222,-1.4367565,-0.109964445,-0.1316586,-1.5536456,1504.4851,976.782,1504.4851,724.13116
3598,0.0041705444,0.991748,-0.12813519,-0.9946146,0.017383551,0.102173455,0.10355776,0.12701903,0.9864795,0.20850536,-0.028407369,-1.4902588,-0.10235207,-0.1291682,-1.5533204,1504.6781,976.6194,1504.6781,724.19775
3658,0.0042179744,0.9926129,-0.121250175,-0.99450713,0.016844785,0.10330328,0.10458262,0.12014848,0.98723185,0.21820706,-0.033387747,-1.5269617,-0.10348791,-0.12220632,-1.5538601,1504.6198,976.56433,1504.6198,724.1653
3694,0.0008320547,0.99437904,-0.105875574,-0.99568814,0.010644762,0.092150256,0.092759304,0.10534239,0.9901003,0.23321381,-0.036880944,-1.6094426,-0.09228118,-0.10652937,-1.5601059,1504.5344,976.4007,1504.5344,724.23395
3730,-0.005460147,0.99563706,-0.093150295,-0.9964616,0.0023956026,0.084014535,0.083871126,0.093279436,0.99210113,0.23948717,-0.03380409,-1.657512,-0.08411369,-0.09361748,-1.5683923,1504.548,976.33105,1504.548,724.22284
3765,0.004093716,0.99529505,-0.09680486,-0.99701583,0.011524969,0.07633133,0.07708787,0.0962035,0.9923721,0.2581412,-0.022958135,-1.728177,-0.07640565,-0.09724129,-1.5592374,1504.3505,976.50256,1504.3505,724.21783
3805,0.008832008,0.9953267,-0.096160606,-0.9969261,0.016250769,0.076642185,0.0778467,0.09518815,0.9924107,0.26242632,-0.019700881,-1.7452034,-0.076717414,-0.09659443,-1.5544969,1504.4895,976.451,1504.4895,724.2444
3841,0.013417512,0.9958904,-0.08956803,-0.9966922,0.020500986,0.07863968,0.080152735,0.08821661,0.9928712,0.26430166,-0.015928244,-1.7714581,-0.07872096,-0.08996759,-1.5502301,1504.6332,976.57654,1504.6332,724.2178
3875,0.022788722,0.996787,-0.07678845,-0.9954944,0.029696137,0.09004832,0.09203931,0.0743904,0.9929727,0.2747047,-0.0077887527,-1.8258339,-0.090170465,-0.077178285,-1.5409746,1503.8838,976.7769,1503.8838,724.19434
3910,0.027594911,0.9960957,-0.08385635,-0.99431837,0.03597944,0.10018134,0.1028073,0.08061542,0.99142915,0.2819531,-0.004039397,-1.8582809,-0.10034968,-0.08438045,-1.5346271,1503.8433,976.8724,1503.8433,724.08
3946,0.02914736,0.99644065,-0.07909948,-0.9930504,0.03789312,0.11142221,0.11402293,0.07530211,0.9906202,0.29594514,-0.0036453954,-1.9375727,-0.11165406,-0.079679385,-1.5326566,1504.0363,977.0081,1504.0363,723.93604
3982,0.030539077,0.99662673,-0.07617394,-0.9926561,0.039165333,0.11445399,0.11705128,0.07211922,0.9905037,0.3040186,-0.0032298418,-1.9705567,-0.114705354,-0.07675317,-1.5313617,1503.9197,977.06915,1503.9197,723.9281
4019,0.032330997,0.99630785,-0.07953221,-0.9924697,0.041408725,0.11527778,0.11814549,0.07520628,0.9901442,0.30699638,-0.003038208,-1.995262,-0.11553464,-0.08015179,-1.5290976,1503.8658,977.04663,1503.8658,723.86694
4054,0.035861462,0.9958907,-0.08316072,-0.99253666,0.0451984,0.11326072,0.11655404,0.07847838,0.9900789,0.31427872,-0.0045956387,-2.0315087,-0.11350428,-0.083797336,-1.5252895,1503.9286,976.9915,1503.9286,723.8299
4090,0.034800053,0.99581856,-0.08446607,-0.99327654,0.04380052,0.107158765,0.11041034,0.080169044,0.9906475,0.32206994,-0.008137235,-2.0647135,-0.107364915,-0.08505778,-1.5267279,1503.8882,977.00214,1503.8882,723.8415
4148,0.035276026,0.99537957,-0.08930361,-0.9941662,0.044065416,0.098445944,0.10192629,0.08530987,0.99112725,0.32721275,-0.012471184,-2.1076477,-0.098605655,-0.08986042,-1.5265013,1503.8254,976.8906,1503.8254,723.77936
4188,0.02412216,0.9964192,-0.08103736,-0.9959696,0.03095741,0.08417865,0.08638591,0.07868018,0.99315,0.34258622,-0.02513908,-2.1783893,-0.08427838,-0.08141592,-1.5397236,1503.996,976.69946,1503.996,723.8103
4224,0.021945368,0.99592876,-0.08743234,-0.9964272,0.028922418,0.07934939,0.0815551,0.08537862,0.9930052,0.35067105,-0.030488923,-2.2184355,-0.0794329,-0.08782174,-1.5417783,1503.83,976.60443,1503.83,723.7777
4260,0.020693261,0.9955747,-0.091666676,-0.996534,0.027927896,0.078357436,0.08057074,0.089727506,0.992702,0.354423,-0.032636654,-2.2368517,-0.07843784,-0.09207945,-1.5427786,1503.8792,976.5951,1503.8792,723.7648
4296,0.019995168,0.99523973,-0.09538447,-0.99694127,0.02705646,0.07332064,0.07555238,0.09362668,0.9927366,0.3652775,-0.035881586,-2.2919028,-0.0733865,-0.095788315,-1.5436635,1503.942,976.475,1503.942,723.78406
4331,0.022583649,0.9939395,-0.10758344,-0.9973952,0.029773222,0.065697454,0.0685024,0.10581954,0.992023,0.37214807,-0.03573322,-2.332453,-0.0657448,-0.108026356,-1.5409542,1503.8208,976.45044,1503.8208,723.8254
4366,0.02625517,0.9927814,-0.11702899,-0.99750113,0.0336997,0.062094618,0.06559022,0.11510627,0.9911854,0.37941,-0.033265907,-2.3694766,-0.06213459,-0.11752562,-1.5370251,1503.915,976.46765,1503.915,723.7526
4408,0.019618621,0.9939543,-0.10802778,-0.99758023,0.026668334,0.06420525,0.066698015,0.10650678,0.99207234,0.38758442,-0.029543102,-2.4065433,-0.06424945,-0.10846368,-1.5440696,1504.0273,976.53534,1504.0273,723.83484
4443,0.022150343,0.994342,-0.10389014,-0.99685097,0.029880427,0.07345041,0.076139115,0.10193606,0.9918728,0.39490625,-0.024077866,-2.4450893,-0.073516615,-0.10436087,-1.5408305,1503.9197,976.55273,1503.9197,723.93176
4477,0.02501915,0.9926303,-0.118571125,-0.9952794,0.035858408,0.09018298,0.09377013,0.11575511,0.9888417,0.40512732,-0.01600327,-2.497954,-0.09030567,-0.119339325,-1.5347834,1503.8702,976.78546,1503.8702,723.8315
4511,0.026826221,0.9929603,-0.11537019,-0.9953417,0.037223507,0.08893286,0.09260128,0.112447046,0.9893335,0.41174558,-0.011335175,-2.5318067,-0.0890505,-0.116089724,-1.533416,1503.8838,976.8532,1503.8838,723.92706
4546,0.028281808,0.99309283,-0.11387101,-0.9951015,0.03876632,0.0909387,0.094724946,0.11074134,0.9893247,0.41082105,-0.008072275,-2.5528152,-0.09106451,-0.11459546,-1.5318589,1503.9061,976.9053,1503.9061,723.8478
4581,0.030415302,0.99170756,-0.12486448,-0.9936013,0.043592073,0.10419217,0.10877127,0.1208965,0.98668784,0.41839412,-0.0037912992,-2.6048477,-0.10438161,-0.12587999,-1.5269517,1503.915,976.9976,1503.915,723.8327
4634,0.028689787,0.9916063,-0.12607087,-0.99400014,0.041619048,0.1011499,0.10554782,0.12241252,0.9868509,0.4247057,-0.0034783874,-2.6375675,-0.10132318,-0.12706243,-1.5289505,1503.8658,977.06976,1503.8658,723.9323
4672,0.02458912,0.99129945,-0.12930891,-0.99509114,0.03667295,0.09191523,0.09585766,0.12641408,0.98733515,0.43530256,-0.012826169,-2.7494264,-0.09204514,-0.1302264,-1.5339592,1503.9376,976.9432,1503.9376,723.97314
4707,0.02350197,0.99162316,-0.1270083,-0.9950961,0.03541325,0.09235521,0.09607934,0.12421496,0.98759276,0.43811506,-0.0144974645,-2.7714179,-0.092487,-0.12790188,-1.5352236,1503.9556,976.9588,1503.9556,723.89105
4741,0.01891719,0.99291694,-0.11729522,-0.9957559,0.029278446,0.08725128,0.090067506,0.115146875,0.98925674,0.4448162,-0.020347415,-2.8090472,-0.08736237,-0.11801804,-1.5414015,1503.9824,976.78394,1503.9824,723.9449
4775,0.017951855,0.993471,-0.112662844,-0.99647313,0.027015248,0.07944342,0.081968345,0.110839374,0.9904523,0.4515677,-0.026509013,-2.8452363,-0.07952722,-0.11326207,-1.5436921,1503.8702,976.7019,1503.8702,723.93726
4808,0.017836774,0.9932669,-0.11446634,-0.9965942,0.026880307,0.077955596,0.080507606,0.11268604,0.9903636,0.45656893,-0.027789129,-2.8943686,-0.07803477,-0.11506953,-1.5438308,1503.96,976.5848,1503.96,723.97437
4842,0.017715288,0.9932602,-0.11454295,-0.99687344,0.026369112,0.07448288,0.077001296,0.11286535,0.990622,0.4635494,-0.03192559,-2.9323244,-0.07455192,-0.115116104,-1.5443506,1503.942,976.5649,1503.942,723.95667
4876,0.017428529,0.9929666,-0.117105685,-0.9973571,0.025527865,0.06802274,0.070533775,0.11561066,0.9907872,0.47116417,-0.034599554,-2.9691117,-0.06807531,-0.117648765,-1.5452064,1503.8568,976.465,1503.8568,723.9314
4910,0.015194458,0.9931877,-0.11553074,-0.99794817,0.022250725,0.060034756,0.062196415,0.11438151,0.99148804,0.48178563,-0.031128705,-3.0217805,-0.060070876,-0.11599947,-1.5485035,1503.9868,976.4009,1503.9868,723.92053
4943,0.00849641,0.9938532,-0.11037903,-0.9988086,0.0137389945,0.0468228,0.048051488,0.10984971,0.992786,0.4985455,-0.025011301,-3.097117,-0.046839926,-0.11072635,-1.5570418,1503.8479,976.41003,1503.8479,724.0547
4978,0.0071086744,0.9936448,-0.11233704,-0.9988743,0.012324668,0.04580564,0.046899047,0.11188497,0.9926138,0.5024132,-0.02280413,-3.1150944,-0.045821674,-0.11269346,-1.5584584,1503.8389,976.5211,1503.8389,723.98096
5011,0.005178201,0.9936757,-0.11216809,-0.99893355,0.010286223,0.045008264,0.045877405,0.11181545,0.9926694,0.50648487,-0.016590562,-3.1418104,-0.045023475,-0.11251915,-1.5604994,1503.8613,976.55756,1503.8613,724.0268
5043,0.011663843,0.99448794,-0.10420043,-0.9986466,0.016867217,0.049195442,0.05068184,0.103485614,0.9933388,0.5149941,-0.007390403,-3.199582,-0.04921531,-0.10451694,-1.5539079,1503.9106,976.6411,1503.9106,724.13214
5091,0.015260333,0.99450713,-0.103551164,-0.99782586,0.021787675,0.062199596,0.06411408,0.10237684,0.99267733,0.5191306,-0.0029360102,-3.2352042,-0.062239774,-0.10393911,-1.5489646,1503.942,976.8225,1503.942,724.04504
5125,0.020017594,0.9947058,-0.100795515,-0.99683,0.027620872,0.07461146,0.077000506,0.09898246,0.9921055,0.52557397,0.0047661755,-3.2924285,-0.074680865,-0.101250164,-1.5430948,1503.8927,976.89557,1503.8927,723.98
5159,0.020961046,0.99472225,-0.100440696,-0.9965961,0.028800044,0.077243,0.07972802,0.09847974,0.99194014,0.52732795,0.0062347623,-3.3099794,-0.07732002,-0.10091287,-1.541906,1503.9106,976.9596,1503.9106,723.93036
5192,0.024435211,0.99534386,-0.093239464,-0.9965692,0.031629603,0.07647992,0.079072945,0.0910508,0.9927019,0.53317595,0.009627481,-3.4021773,-0.07655467,-0.09365019,-1.5390685,1503.8838,977.0899,1503.8838,723.84784
5226,0.028194122,0.99477273,-0.098143056,-0.99650586,0.035693005,0.07551038,0.07861869,0.0956712,0.9923033,0.5366627,0.0067302072,-3.4369707,-0.075582325,-0.098583676,-1.5349935,1503.9691,977.0426,1503.9691,723.75555
5259,0.030836772,0.99446917,-0.10039968,-0.9965597,0.03832057,0.07348569,0.07692663,0.09778824,0.99222964,0.5383894,0.004467363,-3.454468,-0.07355199,-0.10084271,-1.5323623,1503.9017,977.03314,1503.9017,723.7106
5293,0.0335868,0.99414974,-0.102656454,-0.9966454,0.040985826,0.07083735,0.07463039,0.0999329,0.9921913,0.53739524,0.0018670307,-3.4786165,-0.07089672,-0.103097536,-1.5296957,1503.8792,977.00476,1503.8792,723.75745
5326,0.035250094,0.99357766,-0.10752129,-0.99700844,0.042367443,0.064644866,0.06878509,0.104920894,0.9920989,0.5400004,-0.004793396,-3.5174875,-0.06468998,-0.10795623,-1.5283273,1503.942,976.8959,1503.942,723.7206
5359,0.03590602,0.99335456,-0.10935014,-0.9972876,0.042651404,0.05998472,0.06425004,0.106899746,0.9921917,0.54372984,-0.012150288,-3.5552478,-0.060020752,-0.109767705,-1.528055,1503.96,976.82416,1503.96,723.6505
5393,0.036595006,0.9932384,-0.110174015,-0.9973885,0.04317047,0.05790051,0.062265277,0.10776745,0.99222434,0.5494707,-0.019332271,-3.6005454,-0.05793291,-0.110584415,-1.5275398,1503.9735,976.69855,1503.9735,723.6232
5426,0.038214047,0.99266034,-0.11473961,-0.99722844,0.04521892,0.059080645,0.063835405,0.11216393,0.9916372,0.55276996,-0.025180172,-3.6408625,-0.05911507,-0.11519499,-1.5254828,1503.9286,976.6033,1503.9286,723.69836
5460,0.039137024,0.99225545,-0.11788651,-0.996706,0.04715164,0.06598176,0.07102932,0.11491591,0.9908325,0.55586344,-0.029021539,-3.681402,-0.06602973,-0.11842056,-1.523524,1504.0721,976.4731,1504.0721,723.673
5493,0.030904328,0.9920185,-0.12224691,-0.997598,0.03819881,0.05778326,0.06199176,0.12016756,0.9908162,0.5684717,-0.02930351,-3.759747,-0.057815466,-0.12275962,-1.5325242,1503.7537,976.4044,1503.7537,723.8154
5541,0.030317456,0.9921011,-0.12172289,-0.99752104,0.037767764,0.059373662,0.06350188,0.119621105,0.9907868,0.5702956,-0.027351268,-3.7796557,-0.0594086,-0.12224223,-1.5329528,1503.9824,976.41156,1503.9824,723.70264
5574,0.022414448,0.9930572,-0.11547708,-0.99716187,0.030510563,0.06882664,0.071872056,0.11360666,0.99092275,0.5742763,-0.021781545,-3.819002,-0.068881094,-0.11601163,-1.5402085,1504.1305,976.4741,1504.1305,723.7504
5609,0.025795305,0.99268174,-0.117973246,-0.99768203,0.03299756,0.059509736,0.06296706,0.11616476,0.991232,0.586357,-0.009068135,-3.873063,-0.059544917,-0.11845956,-1.5377342,1503.749,976.58716,1503.749,723.87164
5643,0.031386185,0.9917191,-0.12453189,-0.99781394,0.038338274,0.05382735,0.058155946,0.12257023,0.9907545,0.58743054,-0.004708872,-3.8903575,-0.053853378,-0.12503825,-1.532393,1503.7178,976.6582,1503.7178,723.8448
5677,0.0413585,0.9893732,-0.13939153,-0.9975745,0.04870678,0.049723227,0.055984147,0.13699698,0.9889881,0.5894343,0.003269745,-3.9248605,-0.049743738,-0.14002126,-1.5220098,1503.8613,976.794,1503.8613,723.8878
5709,0.049247842,0.9875729,-0.14924653,-0.99677813,0.058068313,0.055327952,0.06330687,0.14604092,0.98725086,0.5936069,0.008927323,-3.9652858,-0.05535622,-0.15003778,-1.5126061,1504.0183,976.96655,1504.0183,723.8846
5743,0.05021622,0.98658884,-0.1553094,-0.99629515,0.060354374,0.061263315,0.06981529,0.15165761,0.9859644,0.59691787,0.0125230765,-4.0012345,-0.0613017,-0.15623651,-1.5102915,1503.8792,977.0792,1503.8792,723.8681
5776,0.039477214,0.98785245,-0.15029645,-0.9962338,0.050532047,0.070458524,0.07719742,0.14694893,0.98612696,0.6068813,0.0104171205,-4.0822864,-0.07051695,-0.1512469,-1.5201167,1504.0139,977.1754,1504.0139,723.95245
5810,0.029620754,0.9883639,-0.14919597,-0.9967654,0.040362895,0.0694944,0.07470773,0.14665492,0.9863625,0.6126643,0.0033889841,-4.136844,-0.069550455,-0.15012078,-1.5303246,1503.8344,977.0821,1503.8344,724.03204
5843,0.02601341,0.98842317,-0.14947568,-0.99710596,0.036340203,0.06677587,0.0714348,0.14730605,0.9865079,0.6146554,0.00026170415,-4.154987,-0.0668256,-0.15037617,-1.5343667,1503.8568,976.9921,1503.8568,724.05347
5876,0.015137151,0.98937577,-0.14459051,-0.9978836,0.024093544,0.060394347,0.06323641,0.14337035,0.9876467,0.623062,-0.010846769,-4.219243,-0.060431123,-0.14536637,-1.5466564,1503.96,976.8256,1503.96,724.08105
5908,0.010067319,0.9896953,-0.14283526,-0.99815404,0.01850171,0.057845097,0.059891712,0.14198926,0.9880547,0.6253822,-0.0143560665,-4.2382703,-0.057877403,-0.14356752,-1.5522625,1503.9331,976.78955,1503.9331,724.08215
5954,0.006593749,0.9900347,-0.1406697,-0.99840313,0.014410095,0.05461924,0.056102,0.14008495,0.9885488,0.6275083,-0.017627643,-4.257277,-0.054646436,-0.14135022,-1.5563642,1503.9691,976.66705,1503.9691,724.11444
5991,0.0058960067,0.9903102,-0.1387483,-0.99856967,0.013203883,0.05180867,0.053138662,0.13824439,0.98897153,0.6294336,-0.02054274,-4.276428,-0.051831875,-0.1393858,-1.5575743,1503.9286,976.64233,1503.9286,724.1342
6025,0.00886874,0.9899914,-0.14084905,-0.9983845,0.016671618,0.0543159,0.05612045,0.14013983,0.98853993,0.6389398,-0.025406249,-4.349138,-0.054342642,-0.1415293,-1.5540993,1504.0004,976.4665,1504.0004,724.1459
6060,0.004917051,0.9906755,-0.13615379,-0.9986727,0.01184529,0.050122086,0.051267497,0.13572665,0.989419,0.6438939,-0.027230732,-4.389005,-0.050143097,-0.13675097,-1.5589359,1503.8882,976.3963,1503.8882,724.0897
6093,-0.0024026255,0.9927926,-0.11982101,-0.9991753,0.0024731478,0.040526837,0.040531076,0.11981959,0.99196804,0.6491793,-0.02668351,-4.428621,-0.04053794,-0.12020882,-1.5683211,1504.0363,976.4105,1504.0363,724.0903
6126,-0.0035272283,0.9941197,-0.10822974,-0.99937546,0.0003008076,0.035332844,0.035157632,0.108286776,0.9934977,0.6561992,-0.021450441,-4.4777126,-0.0353402,-0.10851019,-1.5704954,1504.005,976.30493,1504.005,724.16547
6159,0.00072928437,0.9942948,-0.10666461,-0.999325,0.004642116,0.036439825,0.03672708,0.10656605,0.993627,0.6597365,-0.015710354,-4.5171204,-0.036447894,-0.10693922,-1.5661511,1503.8838,976.4655,1503.8838,724.0799
6193,0.00089880906,0.9945285,-0.1044621,-0.99930835,0.004776406,0.03687542,0.037172604,0.10435672,0.993845,0.66233784,-0.009487618,-4.554458,-0.036883783,-0.10472452,-1.5660167,1503.8208,976.52185,1503.8208,724.0429
6226,0.0082470365,0.99531865,-0.09629527,-0.9991589,0.012070089,0.039186586,0.04016543,0.09589112,0.99458104,0.6696974,-0.0003082963,-4.600439,-0.03919662,-0.09651909,-1.5587167,1503.9824,976.7311,1503.9824,724.09045
6258,0.013300888,0.9953451,-0.09545212,-0.99864995,0.018016873,0.048716288,0.05020927,0.0946753,0.99424106,0.6710554,0.0056026694,-4.63739,-0.048735578,-0.09571167,-1.552757,1503.8927,976.78546,1503.8927,723.9674
6292,0.015915772,0.9952655,-0.09588245,-0.99803174,0.021630583,0.058860864,0.06065618,0.09475693,0.9936508,0.67182213,0.010311901,-4.6731877,-0.058894906,-0.096197285,-1.5491265,1503.942,976.8632,1503.942,723.94867
6324,0.017426517,0.99533814,-0.09485968,-0.9977617,0.023437481,0.062626235,0.064557545,0.093556,0.99351877,0.67494065,0.012986684,-4.693443,-0.06266724,-0.095189944,-1.5473106,1503.9556,976.8892,1503.9556,723.91797
6357,0.017169422,0.99550897,-0.09309733,-0.9975166,0.023415895,0.06642457,0.068306215,0.09172565,0.9934388,0.67643535,0.01479017,-4.7121043,-0.066473514,-0.0934393,-1.5473264,1503.978,976.98413,1503.978,723.8524
6402,0.010659279,0.9966905,-0.08058824,-0.9976819,0.016017428,0.066136785,0.06720872,0.07969647,0.9945508,0.67995954,0.017128132,-4.783282,-0.066185094,-0.080853134,-1.554743,1503.9197,977.0288,1503.9197,723.76886
6441,0.020919835,0.99571323,-0.09009653,-0.9975279,0.026834339,0.0649435,0.06708279,0.088515215,0.99381334,0.68354213,0.014369161,-4.836883,-0.06498924,-0.090410255,-1.5439019,1503.9286,977.03015,1503.9286,723.80054
6475,0.020823687,0.99480516,-0.0996447,-0.9977095,0.027092742,0.061980277,0.06435795,0.098125815,0.99309075,0.68531156,0.010388068,-4.8720236,-0.06202003,-0.10000326,-1.543648,1503.8702,977.03656,1503.8702,723.64197
6508,0.017545432,0.9953102,-0.095131144,-0.9986196,0.02215537,0.04762109,0.04950542,0.09416431,0.99432504,0.68776643,0.0024508936,-4.9372725,-0.047639105,-0.09538376,-1.548614,1503.9915,976.8019,1503.9915,723.6647
6541,0.012073899,0.99485517,-0.10058457,-0.99911284,0.016061144,0.038925685,0.04034092,0.10002541,0.9941666,0.69013286,-0.0032729711,-4.9740386,-0.038935523,-0.10083164,-1.5547223,1503.9331,976.7797,1503.9331,723.6598
6574,0.006573076,0.9940235,-0.108968906,-0.9995419,0.009750206,0.028649151,0.029540395,0.1087307,0.99363214,0.6892652,-0.006581196,-5.0494523,-0.028653072,-0.10923075,-1.561042,1503.9465,976.60913,1503.9465,723.82495
6608,0.007865109,0.9937322,-0.11150949,-0.9995429,0.011067687,0.028130358,0.029188195,0.11123729,0.9933651,0.6897351,-0.007762252,-5.068936,-0.02813407,-0.11178631,-1.559724,1504.0094,976.533,1504.0094,723.8239
6641,0.006772217,0.992822,-0.119409494,-0.99956405,0.010152334,0.027721379,0.028734677,0.11916973,0.992458,0.69079244,-0.008822627,-5.107036,-0.027724931,-0.11974134,-1.5606399,1504.0273,976.586,1504.0273,723.75726
6675,0.004917994,0.9920521,-0.12573195,-0.9996782,0.008006147,0.02406789,0.024883226,0.12557314,0.99177223,0.6913158,-0.008593071,-5.1256638,-0.024070214,-0.12610233,-1.5627878,1503.8702,976.47363,1503.8702,723.79456
6709,0.0020169695,0.99042916,-0.1380074,-0.9998823,0.0040958873,0.014781479,0.015205268,0.13796139,0.99032086,0.6922214,-0.0061684293,-5.1795316,-0.014782017,-0.13846451,-1.5667,1503.758,976.45026,1503.758,723.77795
6742,-0.00020073699,0.9912258,-0.1321798,-0.9998745,0.001894028,0.015721926,0.015834332,0.13216637,0.9911011,0.69318825,-0.0021884665,-5.219903,-0.015722575,-0.13258423,-1.568902,1504.1127,976.514,1504.1127,723.77057
6776,-0.0023463124,0.99204355,-0.12587324,-0.99978924,0.0002395077,0.02052398,0.020390831,0.12589489,0.991834,0.6937455,0.00015585282,-5.2395325,-0.020525422,-0.12623475,-1.5705568,1504.1754,976.5478,1504.1754,723.7768
6808,-0.005885926,0.9920126,-0.1260016,-0.9994,-0.0015350933,0.03459928,0.0341295,0.12612964,0.99142647,0.69384116,0.005938799,-5.310112,-0.03460619,-0.12641351,-1.5723324,1503.8613,976.59503,1503.8613,723.8155
6853,-0.0060274005,0.991017,-0.13359974,-0.999323,-0.0011211261,0.03676852,0.036288444,0.13373095,0.990353,0.6943015,0.011071205,-5.346115,-0.036776807,-0.13409163,-1.5719182,1503.8792,976.76715,1503.8792,723.74475
6892,-0.0050892727,0.98988533,-0.14177883,-0.99938256,-0.00010606485,0.03513316,0.034762762,0.1418701,0.9892747,0.6953123,0.017882898,-5.3981934,-0.03514039,-0.14234665,-1.5709025,1503.8882,976.83655,1503.8882,723.7706
6925,-0.0008587253,0.9889607,-0.1481763,-0.9992682,0.0048175603,0.03794449,0.038239446,0.14810045,0.98823273,0.6932364,0.019625872,-5.4433384,-0.0379536,-0.14883195,-1.5659753,1503.9061,976.8821,1503.9061,723.75507
6958,0.0013286744,0.98781264,-0.15564203,-0.9991775,0.0076188557,0.039824843,0.0405253,0.15546115,0.9870104,0.69513255,0.019953206,-5.514483,-0.03983538,-0.15640247,-1.5631714,1503.8479,976.98584,1503.8479,723.74963
6992,-0.00011954327,0.9875781,-0.15712826,-0.9992782,0.0058503295,0.03753058,0.037983634,0.15701935,0.9868646,0.69395775,0.017790811,-5.5390162,-0.037539396,-0.15789431,-1.5649419,1503.8074,976.98315,1503.8074,723.7248
7025,-0.0016458115,0.9874515,-0.1579138,-0.9993521,0.004053043,0.035759557,0.03595086,0.15787038,0.9868052,0.69399846,0.015522056,-5.5590816,-0.035767183,-0.15867993,-1.5667406,1503.9061,977.0425,1503.9061,723.78235
7057,-0.0022486278,0.9874188,-0.15811142,-0.9993653,0.003401527,0.03545559,0.03554733,0.15809081,0.98678446,0.69441766,0.012994015,-5.5780244,-0.03546302,-0.15887848,-1.5673927,1503.942,976.9838,1503.942,723.80457
7089,-0.0047607515,0.98746276,-0.15778065,-0.9990564,0.0021145411,0.04337851,0.0431683,0.15783833,0.98652095,0.69697946,0.003953833,-5.634891,-0.043392126,-0.15859328,-1.5686798,1504.0498,976.8877,1504.0498,723.7778
7121,-0.008614607,0.98774725,-0.15582398,-0.9991057,-0.0020515304,0.042230405,0.04139329,0.15604846,0.9868817,0.7030265,-0.0020281905,-5.6792617,-0.042242967,-0.15660243,-1.5728496,1503.9556,976.74475,1503.9556,723.77014
7154,-0.012531769,0.98873216,-0.14917032,-0.9993454,-0.007321622,0.035425577,0.033934236,0.14951663,0.9881767,0.7060079,-0.00842396,-5.7183886,-0.03543299,-0.14982392,-1.5781226,1503.9691,976.7238,1503.9691,723.75995
7191,-0.011990736,0.98853713,-0.15050042,-0.9993645,-0.0067954217,0.034987208,0.03356345,0.15082434,0.98799056,0.71402615,-0.012688005,-5.7649865,-0.03499435,-0.1511677,-1.577596,1503.9465,976.6188,1503.9465,723.79504
7223,-0.01204551,0.9879822,-0.15409727,-0.99923164,-0.006145937,0.038703986,0.03729178,0.15444511,0.98729724,0.7173982,-0.01604118,-5.805507,-0.038713656,-0.15483071,-1.5769469,1503.9465,976.5973,1503.9465,723.779
7258,-0.015598715,0.98980194,-0.1415936,-0.9992914,-0.0105814785,0.036118105,0.034251504,0.14205672,0.98926574,0.72093534,-0.017132731,-5.8457847,-0.03612596,-0.14216444,-1.5813849,1504.0677,976.47644,1504.0677,723.7598
7303,-0.022769693,0.9911349,-0.13089381,-0.99933845,-0.018851267,0.031097615,0.028354418,0.13151531,0.99090856,0.7244353,-0.015493218,-5.8855095,-0.03110263,-0.13133438,-1.5896578,1503.915,976.43054,1503.915,723.76166
7336,-0.024022616,0.9918935,-0.12478081,-0.99948984,-0.021202262,0.023881689,0.021042455,0.12529087,0.99189687,0.73053324,-0.0046081217,-5.956593,-0.02388396,-0.1251428,-1.5920062,1503.9331,976.4566,1503.9331,723.791
7369,-0.015064277,0.9927604,-0.11916332,-0.9997077,-0.012700578,0.02057046,0.018908095,0.11943837,0.99266154,0.7307993,0.0021784669,-5.994557,-0.020571912,-0.119472556,-1.5834999,1503.8523,976.56024,1503.8523,723.8693
7401,-0.00876308,0.9935556,-0.113005966,-0.9995141,-0.0053231167,0.030706434,0.029907007,0.11322017,0.99311966,0.73457175,0.0078495545,-6.042636,-0.030711262,-0.113301545,-1.5761219,1504.0901,976.7459,1504.0901,723.73346
7434,-0.0083326865,0.99394625,-0.10955133,-0.9992666,-0.004182423,0.03805952,0.03737093,0.109788164,0.9932522,0.7344135,0.013608,-6.0797057,-0.038068715,-0.10985157,-1.5749818,1503.8702,976.8236,1503.8702,723.6798
7466,-0.006452003,0.99406594,-0.10858779,-0.9993552,-0.002574676,0.03580923,0.03531716,0.10874883,0.99344164,0.73351,0.01927749,-6.114838,-0.03581689,-0.108872436,-1.5733726,1503.8344,976.9573,1503.8344,723.6118
7499,-0.004308084,0.994218,-0.10729354,-0.9993769,-0.000522095,0.035289392,0.035029337,0.107378736,0.9936008,0.73467314,0.025695132,-6.1562314,-0.03529672,-0.10756774,-1.5713187,1503.942,977.05365,1503.942,723.63586
7532,0.0008770203,0.99455214,-0.10423671,-0.9992703,0.0048514884,0.037881825,0.038181152,0.10412746,0.99383074,0.73358417,0.029856343,-6.1925144,-0.037890892,-0.10450169,-1.5659413,1504.0183,977.07544,1504.0183,723.5772
7564,0.017427733,0.99376804,-0.11009746,-0.99926513,0.021071022,0.032015067,0.034135416,0.109458625,0.9934051,0.7318581,0.029674876,-6.2749186,-0.03202054,-0.110377915,-1.5497129,1503.8613,977.18195,1503.8613,723.4806
7598,0.022372771,0.99353236,-0.111323245,-0.99925035,0.02574118,0.028913053,0.031591643,0.11059297,0.99336356,0.7308728,0.028660923,-6.292761,-0.028917084,-0.11160132,-1.5450416,1503.8613,977.17535,1503.8613,723.42755
7630,0.02737386,0.9933691,-0.11166189,-0.99917066,0.03055807,0.02690514,0.030138912,0.110832796,0.9933818,0.7298843,0.027077055,-6.310719,-0.026908386,-0.11193595,-1.5402224,1503.9465,977.16046,1503.9465,723.45325
7663,0.03147126,0.9931631,-0.11241283,-0.99905026,0.034647897,0.026417244,0.030131498,0.11147469,0.9933104,0.7289895,0.024916504,-6.328818,-0.026420318,-0.112690434,-1.5361294,1504.0498,977.12555,1504.0498,723.4725
7697,0.031257175,0.9922105,-0.120587304,-0.99915075,0.034258027,0.022892458,0.02684522,0.11976935,0.9924387,0.7310493,0.015050278,-6.395154,-0.022894459,-0.120913334,-1.5365226,1503.9241,977.0307,1503.9241,723.4244
7741,0.03362082,0.9922644,-0.119504705,-0.9992596,0.035611276,0.014559022,0.01870211,0.118926756,0.9927269,0.7292194,0.008494968,-6.4326906,-0.014559536,-0.11980376,-1.5351738,1503.9197,976.85046,1503.9197,723.47723
7775,0.031367406,0.99123424,-0.128338,-0.9991203,0.034671146,0.023589421,0.027832272,0.12748516,0.99144983,0.7281678,0.00014502712,-6.50113,-0.02359161,-0.12872896,-1.5361086,1504.0587,976.67206,1504.0587,723.46265
7808,0.024510259,0.9909641,-0.13186823,-0.9993655,0.027697012,0.02238625,0.025836326,0.13123591,0.9910143,0.72631323,-0.003770716,-6.540039,-0.02238812,-0.1322868,-1.5430888,1503.9465,976.5614,1503.9465,723.5142
7842,0.020140378,0.9905825,-0.13542758,-0.9995927,0.022689302,0.017304074,0.02021387,0.13502394,0.9906361,0.7253354,-0.004847922,-6.5590696,-0.017304938,-0.13586548,-1.5481017,1503.8029,976.56146,1503.8029,723.4973
